-10.4322084984 -8.8093955400 -7.1491934571
8.2812307882 2.6241930985 0.2102873695
-0.4412346572 3.1617413533 -9.5735301866
3.1339088674 0.7353917544 -1.7331362334
2.9844694083 1.4684822504 -1.0512031736
3.8220271684 2.6233201034 -2.0877921527
-0.6143274600 4.6398236306 -6.7567860541
2.2668674048 0.3695752883 -1.4347493542
-1.6979307978 4.6652314275 -6.7769316779
4.5658605682 0.6002712614 -2.1259961115
-9.5417078664 -8.3953762954 -6.4236454276
-9.3080754684 -10.0934842246 -6.5370460509
-8.0301978676 -10.1647472183 -6.2391194977
3.6675962600 1.2270553886 -0.6720871155
-1.0388617655 3.4458197749 -6.1684893531
8.0718089695 1.3057973764 -1.8763707324
1.7456073214 2.8224910690 -0.1040095169
7.1618778296 0.5429647271 1.0694774014
7.1387707622 2.5598418643 -1.7966314201
3.7645744031 1.3256975296 -3.3183926879
-10.5291986154 -9.7909787902 -6.5387502262
-2.0573074503 3.6538312846 -6.6376223784
-9.6766195345 -10.3111655247 -6.5994806619
3.7510161724 1.5671290478 -0.8450644125
6.9299246661 1.9459931529 0.3283569032
6.9086112891 2.3165089699 0.3810971869
6.8974805960 1.5828755812 1.1056694429
-2.6070433160 3.3968030758 -7.6115474374
-0.5487856490 6.1976340576 -7.6248107735
3.4463993077 1.5900192745 -3.0819821471
4.1284339653 3.1059413914 0.0142030863
9.4297383319 1.2766389265 0.5179061214
9.1279347168 0.3801159299 0.4704147156
7.5248147847 -0.3849026885 -0.3493500363
-8.8078664400 -9.8980098438 -6.5791216157
-2.8053986796 4.8237929858 -7.7350088979
-2.1357510542 4.7614434439 -8.1102816536
-9.9261921398 -9.0648058041 -8.3669514037
-2.7584245725 4.3443397071 -5.5434385164
7.0147133127 2.8390147589 -0.0595213436
-9.7626320493 -8.4561525363 -4.9207662936
0.5058134294 5.1111684986 -6.1636142946
-2.2370913882 6.3659566401 -6.6396788975
-1.1169490513 5.6424046176 -5.5300153730
-1.2945562876 4.9909516218 -6.5376522769
-2.4596270731 4.4078465769 -6.4216977370
6.5571294551 2.4633228270 -0.6855822178
-0.7105650395 3.8229701772 -6.8061787875
6.3753727060 2.7102816809 0.0625445419
-0.7938329577 3.8270498632 -6.2052503870
6.9712009458 1.6104825465 0.3592695270
2.8509586413 1.4793659939 -0.6273162874
-0.0961773454 4.5125652015 -6.1136566149
-3.4046875943 4.8204932272 -7.3503299160
-2.2590995366 4.1397453477 -7.5890885032
-8.8577415275 -9.7869037955 -6.0336644028
7.5077151959 0.6398115263 -2.1168900897
-8.1188012218 -9.3662645279 -6.5695169453
-8.3637816953 -7.6552353000 -7.8581922839
-10.2264934981 -8.9038990629 -6.0811301951
5.8704220240 -1.9936557091 0.4588036470
4.2634175506 0.7155171604 0.8467174697
6.8017550370 0.6344370727 1.8383678505
3.0133134742 1.0091803167 -1.6589101620
-8.8787305044 -10.3751806099 -6.5748487922
-2.3584565090 4.0823414816 -7.0183671928
-2.2673875241 2.0496220060 -7.6774538513
2.9514265664 3.3879980318 -2.4731912295
-10.6504403754 -8.4864582273 -6.2396313688
-0.8522003945 4.7909393655 -9.3830190704
6.9787062388 1.8998879707 -2.5465215065
7.0154310067 0.8325017143 -2.5503574175
2.7718341530 3.1437231343 -2.4665374646
-10.3276621577 -11.7842671028 -7.6961548359
-8.6274899744 -10.7092593409 -6.8983620535
4.6112536766 2.5257198998 -1.3713296078
-10.4943677171 -9.5615426161 -7.9108574500
4.3116474594 2.0552908756 -2.5054713267
-10.3978908614 -7.7494329383 -6.0395343324
2.2386284610 1.3893384256 -0.3109672560
4.9277163712 1.4324373210 0.8138122840
-0.1173673673 3.0515429234 -8.0470560387
7.2958045464 3.9286727744 -0.2615723977
4.9849458222 1.1392127206 -2.6548232995
3.1161631299 1.2578733927 -3.6549265378
3.7172507388 1.0820835054 -1.9116025571
9.5228395392 2.5403280047 -1.6609575213
8.0677159890 2.2210424985 2.3841182281
6.6502049862 2.4201287407 -1.3009990028
6.6526240522 0.8717496191 -0.4522433523
-1.8432723661 5.7957744395 -5.7919373944
-9.5218604610 -9.0365050183 -6.9621053388
-8.0086609472 -10.0942453962 -6.1826410069
2.5844542872 0.4671353632 -0.1850961958
-1.6483059377 4.4273450864 -10.0816937698
7.5026062546 -0.1031646558 1.4125817765
2.5086872968 3.1950868155 -2.4063694379
3.3302686111 3.2845095480 -1.2173844153
7.3482989854 0.9754441330 0.3258072377
-1.8610343247 4.2679324026 -7.8090260657
-2.3097259212 4.0629884174 -8.6097900528
3.9224747844 2.3737875855 -1.3094374038
-0.5208342438 5.9844477311 -6.7872020278
5.3043885842 2.1774627085 -2.3890584497
3.7479680949 2.2949392827 -1.9539393470
5.0158434703 2.2003207268 -3.6542799351
-10.3551800728 -8.8297165862 -6.2635903769
-7.2161080660 -8.6071771019 -5.5088606090
-1.0435304947 5.8134368329 -7.8732652866
-1.8751319511 4.1795115319 -7.1768555294
3.6926660531 3.2013639934 -1.8850366242
-9.4036534997 -8.7943354845 -8.5390375351
7.4386186909 1.6930776343 -0.9769161999
-1.3209808491 3.7760022125 -6.8821312796
4.8874979343 1.3029200898 -3.2477276226
-8.1660234720 -8.6078857185 -5.8259345413
-9.1543977438 -10.1556151043 -5.6293762023
-10.7277961954 -9.9774001573 -7.0788212410
5.9848748157 2.2764825389 0.5108042003
-1.0296602554 4.8363704720 -7.2661662931
3.6624718530 0.9364622054 -2.0210321951
2.7275374941 0.7057947614 -1.6875989765
-1.6256207308 3.3145462311 -6.1638649280
4.8354130924 2.5739737096 -1.0615558427
-1.2230936851 5.2108642310 -5.2876753505
7.3774778450 2.2796927788 2.2639414304
3.5847274207 3.3442738198 -1.2891100830
7.2716895665 0.3087398483 -0.9173295710
-1.5449861637 2.9421801146 -4.4912013231
7.9588871790 0.3851061924 0.8060329058
3.2708557332 -0.4817027203 -0.9757776397
8.7459798881 2.2676672587 -1.2790284248
4.1694760031 3.0552874565 -1.6349082485
-11.1874285310 -7.0120641873 -6.2351207557
-2.7302081861 4.1878832745 -5.9818070750
2.6454849304 1.8599655456 -1.8357850490
-9.6826392415 -9.4235758488 -6.0111042854
-7.6309126532 -9.2885840561 -8.7937062157
4.7525144384 1.2358726819 -1.3045820453
9.1764937446 2.3337052482 -1.5524094057
7.7158464881 2.9809797376 -0.5942840732
-8.8793829109 -8.2254665322 -9.2938751719
-10.0950334566 -7.4236993797 -6.8073316170
-9.3828905591 -10.5369212212 -5.7189372640
-0.9605991247 4.1112223316 -7.2793567992
-0.2494934939 4.0926224380 -4.8513809063
4.8786640141 3.2042176237 -0.9481496052
-9.8187877242 -9.8340893603 -7.1595807607
3.5334401970 0.8115543742 -0.4223327773
-8.7717481045 -11.0909329370 -6.6390619477
7.0959010905 1.1669172359 1.1002493599
-2.3100896081 5.0014230479 -7.0244755606
-2.7760168356 5.1686643542 -8.2079813243
-0.2398044021 3.0267875225 -8.3429165420
-2.2782134835 6.4427994856 -7.3316383673
3.6464960897 2.5131153436 -0.1078837957
-9.0012888218 -10.1310710328 -3.5447887778
4.6713434000 2.0849722899 -0.2713705991
-2.1795611293 3.2786726302 -6.3370235249
3.3276519096 3.2291700815 -2.0731809875
-10.2027015276 -8.1726306986 -7.0850195889
2.8902790722 3.1565264535 -1.6550557212
-3.0901200235 3.6188730167 -6.6377749151
3.1507021533 3.2103229833 -2.0483507364
5.5394128763 0.6454093000 0.7747529103
-2.9363894381 5.6516509371 -7.1081072388
-2.1932518105 5.6178364149 -6.6465054292
3.9413918654 2.6366263027 0.4811775062
-6.8896748233 -8.5189202466 -5.0670507502
-6.9957968234 -9.8537955152 -6.1662139560
7.7003287637 3.1059652946 0.6464679741
5.2032079835 1.5938387359 -2.6836033514
-8.2848007091 -9.5488045523 -4.6399029683
6.8278963465 2.1312133231 2.1318584686
5.6393676692 2.4170464900 -0.8947385425
5.9331296845 1.9029734506 -3.0213135709
4.4109438688 3.1492951660 -0.4815892976
-1.3911183625 4.0635280071 -7.3598452409
-9.9729158556 -9.2892695986 -6.5046380068
-8.9467328656 -8.7046205040 -6.1538358422
-9.6094616051 -10.5917087623 -7.1264808358
-1.2816573901 4.2604372473 -5.1439337518
-9.9014620957 -9.7970845287 -6.3114742115
-9.7986993963 -7.4480794295 -6.5565884647
0.8452226489 4.7612001633 -6.9488529098
-10.0352339827 -9.2093290781 -6.9723478117
7.0137922150 2.4034511311 1.9248814766
5.2159200866 1.1871061387 -1.3123831406
8.4491193961 1.4989330262 -1.5087193290
-0.3327249623 3.4973450678 -7.5973954552
-1.0140888723 5.1386765860 -5.5407389999
3.0115765364 3.3142643430 -0.9698495682
3.5047557233 1.3372022867 -2.1942481850
-1.5842040878 3.7100254257 -9.2253522179
-8.8829932837 -10.4897207845 -4.7522387899
-2.6645491973 5.0545724046 -6.0647876342
-2.8540751662 4.3568724862 -6.5931192044
2.7342994098 1.6199241040 -2.9518002116
-9.5359565773 -9.5593057093 -7.7369543167
3.4497352939 5.0984668634 -2.2578342341
4.5765806085 2.8724990725 -1.0398305618
-10.1042925581 -8.6614327453 -5.8207764724
4.4737166562 2.7937603249 -2.7675780624
-10.0644713296 -8.6415953837 -5.8429083750
4.5754145211 3.2241529464 -0.7969192075
3.0769785930 2.9253025022 -1.7424562361
5.3347830275 1.2968879997 -1.6380765306
-3.0279193966 3.3458975696 -5.9274080130
7.9293193723 1.7021614590 0.7917431730
-1.8202630220 3.4395772886 -6.6325377570
-9.0550217070 -8.8557001229 -4.2493815556
-0.7295280167 2.5925557504 -6.8940563589
-2.3490066697 6.1848203649 -6.4401588753
5.4528558689 1.8453739362 -1.4949382431
-1.5099889498 4.2190961371 -6.8868843279
-9.3014516429 -10.7919582037 -5.0969526638
-9.2203013960 -9.7934303759 -5.9219888359
-1.2664716234 4.2779712516 -6.1368813236
6.8812198544 0.5715388202 0.1474157618
5.6675056656 0.6276371376 -1.4946191413
-8.4239664064 -9.5561345815 -9.1818628062
-10.7979691489 -7.6505464457 -7.6965745491
-0.9859798432 5.5848695343 -5.7733729416
-7.7471470181 -8.7538138113 -6.2166020647
-3.6843595687 4.7862888239 -5.7126198005
6.8090093979 1.2083865174 -0.1881761529
-7.6983481947 -8.6894213258 -5.9529191932
3.5149133175 3.7742240845 -1.8563801045
8.5448398447 0.5071647574 1.5861155197
-10.2023263276 -8.2846200227 -5.9037753724
-1.4239106941 4.2056199270 -7.2521722256
8.2747018118 1.6556646926 0.6876954794
3.1442112092 2.4331623531 -1.1810497384
5.6208584662 2.8172514541 -1.9273331666
-9.1379660791 -9.3652054948 -6.6698761321
-7.1792101509 -9.1107730526 -6.2989528233
-0.3218276837 3.3316647856 -6.6397715339
3.3298229053 2.1617014192 -2.8299461646
-1.9191819910 5.8920242973 -6.8462262828
9.1312444131 2.3692269378 -0.6996119980
2.2833791647 3.0105461107 -1.2583197908
3.7819458087 1.4879999315 -1.3066153497
3.6453043278 2.4615451534 -0.3061034738
7.7147123697 2.6149908943 0.0324350910
-7.6637395866 -8.9608924511 -8.1299070170
8.0416095354 0.6604570290 -1.2718014812
3.8998188718 0.8645764323 -0.6486063729
-2.2882414153 4.2242704782 -6.2862725529
-8.7777140498 -8.4804324179 -6.4624562467
3.9173144302 1.1581412032 -3.0315810902
6.8000556433 1.4439611831 0.9537894220
-7.9010223680 -9.9970719569 -5.8120059590
-2.4442398939 3.4025362589 -6.4237685975
7.4696675797 1.7821230270 1.3892265251
-0.4555044449 3.9147701374 -7.1816028625
2.5689212111 2.5961862906 -2.1785327261
-3.2821674994 4.3304244156 -6.9848771077
4.6731737874 -0.6867887702 -0.7672566531
-0.7821029573 2.6065623519 -6.5411999022
2.8028304247 3.2530061576 -0.9106965240
-9.2701222283 -9.0272201096 -5.1170161180
7.1395033052 0.7361272513 -0.4110087173
-0.0229731438 3.4535035760 -8.3553162801
4.6498774154 1.2843541176 -1.0079042094
4.2564598143 2.1383599110 -1.6589575121
-9.2783274569 -8.7732927386 -6.3866758373
6.6615683757 1.6110206804 -0.2980012906
-8.3991456778 -10.3058706336 -5.2762226480
-8.4519960041 -9.5518433801 -6.9481123473
-1.0451729081 3.6893980248 -6.2919500387
2.7805944252 1.3191585727 -0.5622580954
-1.3724946237 5.7291451865 -7.2408588927
-8.8794241553 -8.6598789550 -4.5388035991
6.1204938831 0.9785678170 -1.5808090124
-1.9134939532 5.1465260939 -8.0634957814
5.2089368890 1.8456631509 0.8909661242
4.5369151096 2.2762656869 0.5582575003
-2.3178559322 5.3214906921 -6.8336731948
5.9178695683 2.6198236186 0.0829361230
5.5501579396 0.2668527697 -0.7893512888
-8.9157411128 -8.0986506150 -4.6534119846
-9.0061327737 -8.9618312009 -6.8314816172
3.3373925987 2.3291306062 -0.5532915456
-2.5883325326 4.0798124203 -8.6072094929
5.4757779437 2.6754492422 0.0766616827
2.4280313315 1.5086580087 -2.7361423935
-3.4462861092 3.5006077167 -6.5756572248
-8.1378052167 -10.2915810145 -7.5135138130
3.5826391102 3.0135221099 -3.0095506459
3.7826063451 1.9486226134 -1.5256265262
7.2456374672 1.3145974061 -0.3162957569
6.2280322168 0.5929552022 1.1553557947
8.7174391478 1.7436301869 0.7964112473
6.2691570428 2.6379809479 -0.3257551564
6.2392447217 2.9350542331 0.2616314768
-0.4902926397 3.3569429002 -8.8856458448
7.0128358744 2.5780921944 -1.2088901588
7.7466265384 0.4163676159 0.2464156423
8.3942712643 2.8425726694 1.3389803537
1.6990992912 0.2264760001 -0.8513624675
-7.9298134692 -8.4936364469 -6.1678250023
8.0869200857 0.2444194830 -0.1865294906
-10.4731924141 -7.7997681097 -8.3754797483
-1.3918790140 4.4188547151 -5.5460425557
8.0860501083 0.9948036045 -0.7619354428
3.8482037216 1.5912968636 -0.6846107056
-10.4688464506 -9.6935086047 -6.0963429031
8.7889579487 1.9732696870 0.7048749207
3.1838739728 3.8089652313 -1.0639735147
4.3192435069 2.3719374746 -1.7904482859
2.7413887055 3.7856194922 -1.6921913446
-1.3196102656 5.3668963248 -6.7080801485
-6.8706888991 -9.3183834156 -7.7218602251
7.6986677666 1.5387023993 -1.6302978928
6.0839532533 0.5051310638 -2.4073417183
-4.5454716460 4.3178906102 -6.3716528449
8.7400953874 0.4808946340 0.6280881949
4.2616649509 1.9714625715 -1.6449116477
5.5396240326 2.6677320563 -1.2656530873
-10.0292837170 -8.3630253817 -9.0496444025
7.8172862857 3.9054681292 0.1010035349
-11.0122274915 -8.3975084029 -5.7235498657
3.3749496913 3.3947341475 -0.5672433748
-9.8358648604 -9.9373509125 -6.5202096710
-8.1039122227 -9.6224713097 -6.1797319512
-1.7459546325 4.6611070337 -6.4816505099
-1.9605396529 4.6411485432 -7.2241525420
-9.7861285483 -8.6385196157 -7.7626905995
7.7696822625 -0.0564405271 1.1097599891
-1.5754970924 5.1626794865 -7.9540110249
6.6859905229 2.4040505400 -0.5407894993
-3.2656580759 4.2967938877 -9.5573250057
-1.3526510272 4.6325523956 -6.4273552771
5.0603628125 2.9558813477 -1.8440721836
-9.0061550330 -10.5993472696 -7.0010991494
-11.0042257291 -9.4404110630 -6.0880764070
5.5329394097 2.4793987775 1.5895129028
5.2117180044 2.6504936285 -2.6202322182
2.5064341730 2.3950853670 -0.6624517481
-2.4698189578 6.0406852334 -7.8901435344
3.8705385912 2.7623903951 -0.7112204354
5.4425814480 1.8620722924 0.0478490048
3.6434606756 0.2538709579 -1.3938797582
2.9603651133 3.1861486787 -2.3282692800
0.9538684648 4.9063980556 -7.4450152953
3.7024679845 3.8960863755 0.0770697069
-8.4531894509 -9.3041751936 -5.7815397264
-1.6544865925 4.3587234283 -6.3590989406
-8.8208718648 -7.0813316385 -5.6281734577
7.4633570213 0.8964571712 -1.4602062312
4.8035335003 0.8899341575 -1.1024045486
-8.3055921347 -8.8447734785 -5.1627158147
-1.6831663640 5.6681970171 -5.6296185313
8.7699304468 1.3344341846 2.3292322819
6.3116975629 1.2456466209 -0.0405541469
-9.7349473125 -7.3550225342 -7.3392118135
-2.1877227430 5.1718543200 -6.9524084158
-6.0069376569 -8.1353436119 -5.0408474902
-9.2295535554 -8.0281679872 -6.5253933134
-1.4281676869 5.7720194264 -6.7123799344
1.7198066945 2.3653300731 -0.5762460010
-8.3102469137 -8.0455666629 -5.8672243198
-8.6086442501 -9.1053396078 -6.9880549983
-2.0731034514 4.7858053085 -5.8630501771
6.0467553939 1.1126695783 -0.9865290434
6.6934382572 0.8943751210 0.0357420920
-10.1296516034 -8.7949524896 -7.9941785153
-9.3621204272 -9.9334552115 -6.4446026129
-2.1994406451 3.9113300613 -8.2166920873
6.1968679440 0.5307561825 -1.8249727094
6.7549855137 2.2591900939 -0.2893893344
-10.0680656088 -8.0925690677 -7.4659190575
6.1509252181 0.1189345833 -1.3413634356
1.7055432352 1.5744087741 -1.5514272256
-9.2442254937 -8.7529246731 -6.4845390064
8.2264988928 2.7861758341 -0.5922400932
6.7821779656 3.0784843138 -0.1761111011
-2.3039402107 6.0455749922 -8.1326733263
6.1188560611 2.6802551692 1.8817098953
-7.7295685342 -8.1161676393 -7.0560021686
4.5504048869 3.5613668354 -1.4818393045
4.3035768920 1.4291976687 1.7392070640
6.9566364992 3.4004646279 1.6697932555
3.0119988821 2.9335540891 -2.6208476663
-8.6657245339 -8.0948780715 -8.0189615733
5.1592164920 3.6108180788 -1.8417580414
6.1179520201 2.1976527689 -3.0169979768
-1.9134667949 4.5179476802 -7.9370723344
5.2808590018 1.8522141882 1.8003418073
3.5669316361 2.7610500817 -3.8097001082
-9.4075491514 -8.8652772756 -5.7543949430
3.4982178855 3.4111502737 -2.2508861091
5.6572438012 1.6028692988 0.9293238397
4.7703777287 2.8570822732 -2.5399235248
-1.1057279247 4.6501576006 -7.7270625065
3.3995851759 1.7775292546 -2.8924813173
7.8018545701 0.5265771304 -0.4071165550
6.8412916957 1.3658438103 1.1146935561
5.8458835262 1.3029486632 -1.2064405410
8.5349901510 0.9078229626 0.1306992416
3.1443227645 2.8661165846 -1.9944155296
-9.9087728338 -9.2883140439 -5.9318328503
7.6165395031 0.8499781369 -0.4676555261
6.3889456307 1.0499136078 1.4599269252
5.7699541751 1.8192941831 1.1692974916
5.6385817107 1.5149565728 1.3935270329
-0.3029372482 4.9196111084 -7.4181350989
3.3318941825 3.0068782491 -2.2212916743
-9.8946422399 -6.7263127395 -7.2916056256
5.9295335622 1.5133238902 0.0892190958
3.4420739134 2.6988831589 -3.1110014815
4.1749112516 2.3991222063 -0.3808656939
-1.0188045982 4.9319827198 -8.0978173217
5.3723575187 2.7987546149 -2.8929263550
6.4309719699 1.1514278049 0.5878099932
4.7938824753 2.8288810386 -0.0278998325
3.7390807642 2.5750158972 -0.9882611131
6.4943226736 1.5561373066 0.6555489768
6.4566266457 2.4432726920 -0.4062656769
3.8672758686 2.0281771494 -1.5892140853
-2.4272357373 5.2025830065 -7.4316365763
-1.2867752357 3.2243903701 -5.4743584152
-8.0632794354 -7.9692329808 -7.3963328107
-0.9330213253 3.7885168126 -7.0809188220
-2.5527973112 3.7087854851 -7.5252450586
-0.3737309001 5.3067597806 -7.1669628357
3.0620236016 1.3945745419 -0.4656708035
3.6235270151 2.1954883412 -2.5229469303
-1.9301320585 5.1703462295 -7.0534634822
-1.8140035213 5.7393457892 -6.4145524949
3.4013977531 3.1067343493 -2.0764780283
4.7057706578 4.2727951792 -1.4232759040
-9.6406927278 -9.8411173537 -4.5579621938
6.3267783802 1.3014651115 -0.4764554032
6.4703169531 2.4177103460 -1.2336632569
5.2908393149 1.2035151565 -0.8606749507
-9.6338687347 -10.6096038934 -7.1299747733
8.1102503992 0.7393816533 1.0602696746
3.5944111181 3.2860670660 -1.1338271216
8.0428265598 0.7530337441 1.0780253377
-2.1686192892 4.4297294888 -5.4383984230
8.4469178913 1.9266048593 1.0964579571
4.8799944474 1.0513842540 -1.2511307985
-1.7169174871 4.9662477439 -8.1184527332
-1.5272321191 3.0282182461 -6.6556507481
-8.4135221000 -7.8379448815 -6.2915469344
5.6967897342 1.1200679004 0.9466239542
-9.4430005575 -8.9441453135 -6.8411788766
-10.5058488861 -9.5996335295 -7.9274436184
6.1535058969 0.5058154328 3.3937115670
7.1541109458 3.3083129889 0.2773737709
6.8106954732 2.3210198645 0.7514435232
6.4654467678 1.5296595652 1.3042095462
-8.7733038907 -10.3994640414 -5.4377059137
7.9876258070 1.8558724340 -0.3423810497
-3.1328898155 6.5538418252 -7.9176541483
6.5929268837 1.8240266274 -0.1552999220
8.5468691667 1.5831050831 0.5060204604
8.3348597362 0.8068762651 -1.2962311334
5.1135592338 0.9604137690 1.0815637900
3.9583003220 2.5411548109 -1.7743260734
8.4043277276 1.8583874646 0.5970979760
-10.8120334688 -10.7770498071 -7.7144697944
7.4075454589 1.5421557113 -0.2771069431
6.9576289394 1.1949699412 1.7384018677
-10.1274323816 -7.9100210928 -6.2612752881
2.5609851190 1.5388674352 -0.9774330298
-1.3186410039 4.9255368451 -6.3014139855
3.4281457790 1.6158659806 -0.7126369057
-10.9227105070 -9.1110701805 -5.8302153384
2.2066680817 1.8530184546 -0.9099934942
-7.7356989962 -9.4814613356 -7.9186615618
-0.7334079673 4.3384512312 -6.3105443782
-8.9479193653 -9.8748666480 -7.5050535895
-8.6585690797 -8.7008272372 -5.8609405291
7.0482424281 1.4526157161 1.0246847277
3.4709759101 1.7236049584 -2.3110347045
1.4613276980 0.2511526692 -0.6249873556
6.3598189906 -1.7283043931 -1.1158997771
3.6909789858 0.5826540872 -1.6088900000
7.1052658981 2.0509018896 1.1127193849
5.8934858044 2.9075250682 0.0952703260
8.0565211194 1.7804135974 -1.9713485696
-8.9176832405 -8.7685889432 -5.0214819669
-9.7247741493 -9.0435048656 -5.6996439525
3.3929467290 2.9875783711 -1.5219974889
-1.5186857221 1.9673965382 -7.8276162766
-8.3070271532 -9.7967406481 -6.6199491798
-10.8572739895 -7.6634558391 -6.0024401400
8.7416933538 2.0750005385 2.0606233715
-9.0332953184 -7.2787731071 -5.1201859433
6.9576959278 3.4837562812 0.2333750861
4.3843179899 4.0111771743 -1.9238667755
7.6682574764 0.2967085164 -0.2998431319
-9.0992086333 -10.0608030736 -7.0888354904
5.7866194631 0.7478979344 -1.2915584472
-0.0503384573 4.3530538469 -7.6058497652
-1.5581054667 4.3563555212 -7.6567137050
2.6091112784 2.6324212763 -2.0042053708
-8.6090869980 -8.0733020224 -6.7064201220
5.5071323192 3.1627038187 0.2868727936
4.3385710615 0.7093264935 -2.6612665474
3.6757643514 0.7778114797 -1.3115886780
-1.3634823841 5.1491257923 -5.1287972651
6.7978424308 0.1518518110 -1.1135387136
-2.3803155591 6.2138942682 -5.8876615388
6.9295218015 2.2902188444 -1.2622017046
7.5536220384 2.1931759471 -0.8445341782
-8.7075719948 -9.0923817774 -7.2422252361
4.3428162617 2.2229314270 -2.2989982948
-8.4737900938 -9.6031931149 -7.8428345363
7.7385350834 3.5789860537 -1.2501521055
5.3855912756 2.8300519459 -0.9093956032
6.9953457426 3.3480087243 0.7336069366
5.4363737200 0.6184115056 -0.4585203098
-9.0557071256 -8.4884614613 -6.5056018726
6.7128833171 1.0111929425 -1.9522182915
6.9008373545 1.2978376395 1.0522807104
4.1485205341 1.7468244009 -2.8133354587
0.9904657210 2.0996740596 -2.2832296413
2.7913383892 1.6530924065 -2.5088826857
-1.1400301097 3.0977737956 -5.7943179359
8.3451076990 1.5191526474 0.1378408686
2.7118609344 0.2333952040 -1.7931286484
6.0883653646 2.0835692660 1.9147658808
3.5917926774 2.3893873297 -0.3376632839
-1.8009171952 3.2564129523 -6.4047986181
2.3278926434 2.4162016972 -0.8605063655
-0.3464986094 5.0657960699 -5.1559425561
3.2471957321 3.3564444951 -2.0976214698
-9.5618998667 -8.1398455484 -6.7886556738
2.6531179151 0.7810459570 -2.1796949939
-9.2199973679 -9.1417922816 -5.7389855435
6.1256788289 3.2509343747 -1.5627102493
-10.0816042286 -7.6492925817 -6.6099020334
3.2245452691 2.2633864299 -1.9436336493
-1.3499772137 3.9128408888 -7.5600038546
-8.4418590879 -9.6393074188 -8.1146729924
-2.9781545138 5.1710962928 -7.5976184355
-1.1376859514 4.3681830515 -6.8103074333
7.1320782639 3.3697382634 -0.6322082485
2.9371147970 2.5840229761 -1.0093015657
-9.4176792729 -8.8244833411 -6.6447835833
-9.6247385201 -9.4834757723 -6.0070410094
2.6253193687 0.8404447073 -1.4929674724
2.4877540820 1.0105274218 -2.1400283539
-10.2991029063 -9.0522338210 -6.9694303488
9.3474125378 -0.1719186911 0.5589707432
-1.9744590379 2.9559903109 -6.8410245258
-1.2104713644 3.8242932693 -6.9528033314
-8.7410312333 -8.0453650954 -5.5206500636
-1.2238536415 4.8658239520 -8.5163447383
2.1027956899 2.7414118058 -2.0367796224
-7.5728174517 -7.1730393924 -5.8655939600
3.5605801271 1.6142305196 -1.5825158978
2.8713932607 2.9979220085 -2.8089156700
0.1329935609 4.7558333555 -7.0452122611
3.8889497068 2.6799278458 -0.9009755305
3.1559021608 2.3032700185 -1.7954492034
-9.5134277398 -7.8235833455 -6.9761981270
-1.0416816211 3.6377768832 -8.4172504167
-9.7127951847 -10.3470809369 -6.5689863365
-8.5014926005 -9.2216146928 -6.2423576114
2.9079856629 2.1073919272 -1.2832957470
0.9850631303 1.1202383676 -2.3688660605
7.8462347019 1.5741054202 0.5627166764
6.6815987149 1.4810391409 0.1815025199
-8.0334835027 -8.6417589727 -5.7051826554
-1.3172386113 3.9859392049 -5.4618069573
2.7039863508 0.7868199896 -3.4157185799
-0.8112236258 3.3777806639 -8.0008655040
-9.4645474662 -10.1092810296 -6.4676000970
7.8694490744 0.5778561765 0.4912244769
-9.7398893826 -7.8713499081 -6.7900466780
-9.3296807741 -8.3687785266 -4.3733944017
-10.0602792520 -9.6722616367 -6.8933458070
7.5148233641 2.4501532985 -0.5432307180
2.7756851117 1.9066142984 -1.6296007602
3.7714197955 0.6424358007 -0.8976557983
-1.5682295990 6.1628284867 -6.5258254557
-1.9854470588 3.4466807273 -7.4142640080
3.7674050652 -0.3119059947 -2.1191313980
-9.1685514638 -9.4462171767 -6.1363365767
6.5088000693 1.9219135133 0.8928438449
3.0975277820 3.0039535629 -4.3060218555
-1.7106042090 4.1166390854 -8.0858670050
-7.9675150092 -9.5340659958 -6.2567369129
-2.7621909789 4.1535610072 -5.7762129480
7.1315211408 1.5388854775 -1.1618620882
-2.6793599768 5.3022425854 -6.6255773262
-10.8244676188 -8.4041597564 -7.2185984294
-8.6931880938 -8.7868338864 -6.7220593407
-8.4539700555 -8.6070259368 -8.1048736652
5.2930406982 2.1155468946 -1.3514385108
-1.7380237366 4.7202197434 -6.7180114952
-2.0862955879 4.8997365834 -6.7006879509
4.2935991271 2.6725202216 -0.8293130430
7.5117599488 3.2249406404 -1.3157739176
-2.9587432113 3.4188563162 -8.9739478042
-8.4859954293 -9.5984204891 -6.3455421835
8.1980168263 2.0772327079 0.5428350653
-9.8947126584 -8.3679784228 -4.9890930820
7.4305206590 1.9015238707 1.9348265490
-9.0231077520 -7.6211612517 -7.5687178059
6.8214037919 -0.1844289797 -0.1546534682
7.4366225037 1.9397136421 0.8193656831
-2.8917910712 2.8322009650 -6.6531495366
5.9086880822 1.3117943906 -0.7406793583
8.6205337921 2.5137034044 -0.1371149062
3.7807671972 2.1297250950 -2.1107647387
4.3129398704 2.5947470811 -0.4270521260
-9.0594207631 -10.4874286218 -6.7968764277
-8.7111715352 -7.6171730603 -7.4094560397
8.7084571534 0.7087257420 1.1576945807
-2.4310494717 5.8104836168 -6.4901299487
-1.1612758354 5.0573734325 -8.7122461776
3.3800785091 1.8892915346 -3.0222952307
3.2122017441 0.7743650217 -1.9405545700
-8.7032498383 -9.7578315255 -7.2138869554
7.1413414464 -0.2977702731 1.3363664620
7.2857233713 2.1230711429 -0.6509301082
7.5050007953 1.4281871523 0.7029679419
-0.6516406340 4.2342851680 -6.3120174104
5.2662139479 1.0170461353 -0.0275207675
-3.4031928573 4.4343451372 -6.9512010805
-0.3035095312 4.8854681742 -6.1144942087
7.3727976145 2.5652217996 0.8839461746
6.7435315786 -0.0904028311 3.0951947612
-8.8451972063 -8.0793908303 -6.5171595186
-10.3899407387 -8.8439741772 -6.1744769038
-1.2790092139 5.6190816439 -6.0140620141
-1.9492999899 5.0550372994 -8.0338712420
-1.2343838374 4.0826422494 -7.9334062774
-8.0676874522 -9.1093166625 -7.4532489408
3.4492465202 3.2729864480 -0.8199513748
1.2445823749 2.5760249532 -1.6364857945
2.6193550807 3.0981899765 -2.5048537072
3.7021744093 2.7098230781 -2.3144988550
2.3185481245 1.5102736056 -1.3747130498
4.0867213429 0.9299616274 -1.6074417464
-0.5077795901 3.2280290536 -5.7888346248
-8.4781379170 -9.0340425974 -7.9422953806
-8.6068927347 -9.0866940307 -6.3921339631
6.6907058984 2.5705445978 0.9790432320
-9.9070711566 -9.8755861380 -6.6872093581
-1.6917839222 5.8487751575 -5.9893555938
7.5584853868 1.4661873777 -1.9412255663
5.0987369814 1.6037468614 -3.1949058993
-1.3307744382 3.8060955507 -7.2498483938
-8.4166988830 -8.2090245668 -5.3923960153
-9.8396678097 -8.7010017737 -6.2637677296
7.4958534644 2.1903117982 0.5411644050
7.7231469982 2.7757764071 -0.8213878991
-9.1487223023 -9.2926479085 -7.4398301253
-8.6765805237 -7.3457176904 -6.0220951037
-6.7962801115 -9.6157701302 -4.3412936792
6.9369263016 1.5850125458 0.3625483122
-8.6424486125 -7.5186104210 -5.7712697111
-7.3683573343 -9.2176927745 -5.1765677379
-9.9488363797 -8.8626933011 -5.7895486116
-9.2265128903 -7.5435438145 -6.3199735609
-2.5210125502 2.3820722723 -5.7732208795
-10.5037156682 -10.2366660785 -6.2422372894
3.8419665240 3.7222773492 0.1891542507
-7.5658858179 -7.0350439463 -5.3002774832
4.5590744029 1.9886667805 -2.0484036248
7.5032267792 0.8760556279 -0.0484286777
7.6903563336 1.5797041873 0.6157722187
-9.6756192202 -8.6089647785 -7.7827088303
4.4167810152 3.1915848371 -2.1537350551
-9.1050458521 -8.8620571868 -5.5640730849
-8.9415462071 -6.5224965283 -6.5378054011
-7.5977504968 -9.5525799550 -6.3793399431
-0.2408795679 4.5391301558 -7.7426962622
7.7656384984 2.5829592460 -0.5903196849
-2.7661006347 3.8835464683 -7.5154020777
-0.7777459413 3.9451127121 -7.3044874000
-0.1399831070 3.5257947472 -8.3314772077
-8.2881463694 -10.5274556644 -7.0669118767
-11.5056237644 -9.3008652543 -6.9622111988
-8.2741289037 -9.1853757290 -5.7645393716
-6.5427409726 -9.1644663970 -6.6724320131
2.4478949788 0.9740427133 -1.7015155705
0.6476066289 5.7743225508 -5.0057242873
-8.7036869736 -8.5461984292 -5.5245514105
1.0514129717 5.8670237370 -6.0188539149
6.7618128960 0.5902559716 0.4259719484
0.1605529528 3.5093891646 -6.6938864822
8.1456509088 2.1952150812 -0.7065271672
-2.1903650561 6.4698193287 -5.7737980504
5.1775965518 1.8407647547 -2.3780285033
7.3795999308 2.6526566855 -0.0708604753
-2.3950581304 3.2739168554 -6.9158040637
-3.0643153649 5.1628166451 -6.4694714655
-8.4617814497 -7.3108136786 -6.9285533623
-3.4887451176 4.6261238790 -5.9885859365
3.7126606895 2.7417631983 -3.3550575217
-9.1211416728 -7.3507065506 -7.4092817183
5.3820715360 2.4628637071 -2.2022801561
-1.1951518142 4.3916895143 -7.5263831252
-0.8700926279 4.3099964684 -6.4644767937
-2.8304042894 5.9354852332 -6.6179012840
-3.3137991399 2.5269486166 -6.8470808663
-9.7684181361 -10.4729853811 -6.4737599752
-1.7257531360 3.9857502016 -8.1197389983
-2.7966666185 5.3030110144 -7.6848748275
7.0405718355 0.7845149463 -0.5721121167
-8.4484559748 -10.4194393193 -8.3899009117
-1.7121887817 2.5572960953 -7.7064325086
-10.4946099226 -8.0942813971 -5.7249419055
-9.3219664478 -9.1527669812 -6.8245119078
6.2434933763 1.2407480019 -0.4380209300
-0.6020280890 4.7861166760 -8.0609805456
3.3379096193 1.8467734588 -3.1010347872
-7.3404882113 -8.1226195133 -6.4009814723
-9.9748279037 -9.2087386982 -7.6076781922
7.5813721700 0.4705701038 -0.5925869294
1.3820046672 6.5458885990 -6.5841405088
-1.8587692145 3.9413126551 -7.2395673978
-2.0542957746 3.4079738127 -7.3486471291
-2.6081166064 4.3301534037 -7.6456640404
8.0002813810 1.8481245000 -2.2677565803
-0.4614927071 5.4991075609 -8.0161833538
-1.7658490829 3.0283478753 -7.1685527654
5.3399006453 0.1665668623 -0.4053858919
3.3775962936 2.0092289802 -2.7146313966
-8.9005443646 -8.7598064151 -6.2908694640
-1.1158757425 3.0200547642 -6.1140933154
-8.8889738028 -10.5521524681 -6.7417989666
-7.7256616585 -8.1271736140 -6.4234950168
7.0933568372 1.7111674302 0.2669129337
4.4065556403 2.9484788139 -0.4872516048
-1.3254943286 2.1299316871 -6.2900668737
3.6237889569 3.0283574680 -2.2351852528
6.3209628416 0.4521502001 0.7642768542
-0.9260178703 3.9754453572 -6.6812604136
-3.3236294484 2.5268074870 -5.1845116519
6.0863124876 2.6955838978 -2.6146547165
-0.9362778601 3.1186681149 -7.0218450592
-1.1878133616 4.8791499532 -6.3826543274
2.3388407576 0.6748839391 -2.7083217238
3.7362989702 4.1590782648 -2.0038673381
-1.9700594721 5.2428798184 -7.8910623349
2.5904859585 2.2872334995 -2.7312996503
0.2394267105 5.6243654175 -6.9582116074
1.1540957813 2.4184922295 -0.2134744093
7.6722675819 0.3149634725 0.4990773836
-2.0584089095 3.1781240141 -7.2207271504
-10.5010300123 -7.6548293600 -4.5660317501
-9.0624790913 -8.6148659602 -5.2271101782
5.4488761722 1.0944628990 -0.1319361230
4.7212230368 1.7094314262 -2.2331658263
-8.3254347649 -9.5351892246 -5.6994887270
3.8981255615 1.3709465594 -3.2349325676
7.8782978060 1.0873540136 1.8226572835
-8.0339866187 -9.5999499101 -7.1481791872
1.9248472203 0.7755342248 -1.1133577484
3.6845892316 1.1975239031 -2.6078928254
2.6089478124 1.6497201896 -2.0907289675
-1.0134557094 6.4911833917 -6.5831715537
6.8159668912 2.3897420715 -1.0761013605
6.7405468135 0.7084511048 1.1981343301
4.3137427746 1.4243277581 0.2820696654
-8.0451741919 -8.8342935533 -8.4141574919
-9.8435460333 -6.3456108733 -7.0515993402
-0.4479290778 4.5459950648 -7.5330121179
-10.9521543720 -8.7267314723 -5.8737858089
-1.7381973968 6.3122188690 -6.5991351488
0.3020180313 4.1853039791 -5.8418051840
7.6179079816 2.5870079333 0.1506172275
7.3706376019 3.4360773200 -0.7833511877
-9.1449158215 -9.6127083841 -5.6262912801
-9.5152000295 -6.3596275441 -6.3858004603
8.0806582106 1.5415667923 -1.9113866876
-0.0526879030 4.3843951836 -5.9839987265
6.5695388836 1.3658180359 0.1299135732
-8.6401700906 -9.5925196120 -4.7107141588
-1.5972192851 5.5029812265 -5.7210460808
5.2439650760 1.7654712110 -0.3854810648
-1.2658461165 3.8741442219 -8.9027995407
-0.0753509891 4.0623092498 -7.0661553549
7.8851354758 2.0405815403 2.1697617025
-9.4059060326 -8.5477845510 -6.6743210226
-9.3465520660 -8.8845344542 -5.5767245552
3.6682205986 2.9439772719 -0.8797494811
-8.9944061306 -8.3411043185 -5.6150092522
-1.8998744319 5.1916722867 -7.2381901143
0.4994000473 4.8602851803 -5.5775179057
-3.2371492451 1.3119799644 -6.6013708538
2.1249143678 1.7485109025 -1.4102114916
-2.1797596706 4.6596826607 -7.2548064855
7.2520739833 0.5729179968 0.2689099213
8.0453707202 1.6881546890 -0.8599658135
-1.9242337576 4.8917315116 -8.1776743979
2.0954605129 1.0659367275 -2.0009829708
7.0583961269 3.4929483106 0.3039573177
3.7617461293 1.9930673652 -0.2291969926
-1.6364963480 2.3302805923 -8.1311107062
6.6024570634 1.7424118840 1.1672855617
7.9737485994 3.0796472199 1.6786657396
