7.7231063476 -3.1812465120
3.0350638507 4.3386552636
0.1924764810 -2.3407984237
8.3474215410 -0.7376717377
-5.0115211115 1.7721491152
1.2890327014 -3.9032222066
1.8817197969 -0.3431159401
1.3067337498 -2.5618944701
-3.1970239604 1.2996372616
9.6533588045 -2.7502015672
3.7460936284 6.1153314759
2.4241568572 -2.6037617490
-0.2892731402 -2.5106959731
4.1639771765 6.3654975916
-2.8780670096 0.5959285359
8.8583727880 -1.3385069501
5.4848905566 -3.3482120352
-3.6906937335 0.3093781529
-2.5699924625 0.4012258566
1.7103028220 -0.7710639974
8.8317107120 -3.9334067938
4.1610999829 7.0635430061
8.0000220457 -2.4304490781
-5.0964469521 1.9836926826
1.2806665255 -2.7660824233
0.9648547717 -0.6185358211
2.5273761550 7.6387431810
1.6227029863 6.8287439314
1.9964559456 6.6154049099
3.6434634321 6.8719420791
-3.9105574704 2.0829025139
1.0554788696 5.1922710417
2.7005597948 5.5716877396
3.6404777484 6.9773936684
-3.2637818044 0.6826066040
1.7700116315 -3.3410402286
-0.0458708578 -1.2034347059
-2.1002955690 0.5279416167
1.0820825566 -1.1998732515
3.5390102788 5.1153649159
7.5793076383 -2.7234237284
3.3432728042 8.4177099429
2.3260592982 -1.5445653854
-1.9606475581 1.6151914400
8.0207656613 -3.0594851853
6.7082010108 -1.5814568679
7.4764633996 -2.5941461151
3.8049814628 4.6656360101
-3.4368533899 1.1095978064
3.2150496533 7.6397619792
2.8948281396 6.5549645256
8.7531638694 -2.9068442545
-3.4750526461 1.1732776098
7.4549267340 -2.9173674087
7.3095368160 -3.7694222637
8.7779558741 -3.0571728626
3.1870489612 7.4878278353
-3.1933282900 0.8374987322
-1.6413249829 0.1415717410
-2.1722082968 -0.8211351422
2.9291097620 6.1761135014
-4.0082357171 0.8047232837
4.1101572119 6.6780367295
-2.7220266077 0.1426017136
8.0725459371 -4.0342598943
-3.6100392078 0.8159038048
-3.5377958284 1.5102421468
4.1462639688 7.4797832961
1.9062556212 -4.7189736410
2.8818524115 5.1139541087
-3.9125792642 0.5328957797
0.7040056881 0.1112871170
1.5267606804 4.9992188636
-2.6495204728 1.9719195787
-4.4106103259 -0.7937501676
2.9346534397 6.2299323674
1.5919522773 -3.0466095984
1.2260370771 -2.4661919060
-4.1339621709 1.4035892804
0.4997535049 -1.5337286700
7.7916964830 -2.2809161865
2.0601462802 -3.2847658493
0.8668854873 -3.1711865365
2.5772466176 6.7574267269
-3.0938996915 0.6154881322
-2.0208597151 1.8644899460
8.0826906240 -3.7286985768
4.1785241872 6.3323299263
9.1502511043 -2.2810094859
4.3445446294 6.5404041921
7.9539395476 -4.5528323322
-2.9099827643 2.0547425084
-3.2191048161 1.4414497032
8.3095511055 -3.2325842195
9.9125708644 -3.4355135522
3.3622458154 6.1725611466
2.1971910627 5.6857519666
-3.9641917371 0.1027292431
0.3120117765 -2.8433481483
6.7012530008 -2.7781669563
-0.4411002835 -2.9401156484
9.0043053438 -1.9797853927
1.1321265156 -2.7335091512
-3.6025230290 1.0847519274
3.1117221935 7.2192724715
2.8214482741 6.1763024507
3.4986290748 5.7216736074
8.4665780797 -2.0926640411
8.7082714380 -0.8536262779
-2.6075784775 2.0390006649
1.1789526135 5.8463403853
0.7709774029 6.8547525544
-2.9619501409 0.4603631061
3.5642208527 6.9085902102
-4.5310964213 0.5292010096
-3.0951491701 0.8644944922
9.0481593062 -1.6628161209
7.0560047370 -2.9336703004
-4.1457343059 1.4621065038
1.6972425573 -0.2008150859
-3.6618971390 0.0367970189
2.5449102950 4.5975927449
2.2145538071 4.7667356481
-1.3773656922 -1.1576380623
-4.8079647787 1.8657776932
8.0586311148 -2.6211744048
3.2039201360 6.6418790128
-3.2122024110 0.8186369152
7.9065720445 -3.1576987767
1.3287039159 -0.2903397443
5.9842752534 -3.8227899464
-1.5696863230 -2.3171668213
6.3823734032 -3.7371363344
0.1293052917 -1.5707534313
0.0390376327 -2.0196791114
8.4696575654 -3.3299169169
4.0083989667 7.4843126903
7.7763792350 -2.2165176098
8.6718950020 -2.4342248680
1.2885906023 -2.9524434897
9.1135155182 -3.6874408990
1.4878936809 -1.3173331057
1.0967054628 -1.2433129261
-2.9892724270 1.1202426981
2.5631427649 6.4464622192
8.4609514292 -2.2118315610
0.5353968486 -2.0372095894
7.5689550174 -1.8255802709
7.5997118422 -0.4765341694
3.0187910752 6.5996571405
7.5446589007 -1.7879412962
2.1498517566 5.0845139400
2.4851189659 6.1980551387
0.9802115698 -3.0674192079
-4.5079698038 1.5694809859
3.5085721843 6.6039697720
9.1472260078 -3.0462391949
2.4023163299 -0.6331946507
-2.1150008561 1.9650809993
9.0136972021 -2.9101102460
-3.0356395226 0.4468089180
-2.4621791061 0.2602937844
-1.5822500427 -0.4524245061
-4.9092548666 0.5608686506
-1.9056808051 1.7509042520
0.3437138022 -2.0820454572
-3.6479739747 0.2969613766
4.7393909792 5.2807833358
0.3662343852 -2.6232795946
1.4198656964 10.0460690028
-2.1548112224 -0.5188269956
3.7116964206 5.5914535098
3.4972433642 6.6272509161
-3.2095873289 -0.9335598620
1.8688433259 -3.1375298656
-3.0507818433 1.7306316071
2.0806783631 -0.9920824370
2.6075737927 -2.2172834103
3.4818685554 5.5362300268
4.1192421976 4.5057590523
-2.8076594561 -0.1286821949
10.1044232244 -2.6282287627
8.6752360184 -2.3052734395
0.7676235736 -1.8585062503
10.5099648282 -1.6944324357
-4.4165609692 -0.3333998206
2.2302809969 6.7922957133
9.4570375596 -3.4353470531
-2.2555162872 -0.8796375381
1.8318113194 -1.6969203210
3.0882736912 6.1722031235
1.0504084241 -1.0219702801
2.1856511151 -2.4376451403
3.1327619397 7.6415637022
0.4385784311 -2.2200868854
4.5150833687 4.2933982479
4.6727982421 4.8891877087
-3.3260057915 0.1609825685
-2.4499529139 0.5310763146
4.1109036236 7.3038014983
10.3492736015 -3.6620691378
7.7225195790 -2.4038081131
-3.5941019531 1.1700834915
8.7260073037 -0.9824755998
-2.9487618910 0.5979261302
0.8637782261 -1.4710952051
-2.7553690062 2.4449034955
-1.0985993630 -0.8924539228
-3.0463007183 -1.3999197197
4.4224475418 7.9955320567
4.1686282538 6.1516741330
7.9628092276 -2.7523436445
1.5386302542 -2.3566600739
1.2646579130 -0.1384699607
1.9900790847 -2.3737146179
0.3318842705 -0.8977223133
0.2674673038 -1.5088180477
2.0980187401 8.0085277162
-4.6142639442 -0.0015175188
7.5548027806 -2.1871750101
1.7549292743 -2.4801690277
2.7320578762 7.3732989652
-3.5782474075 -0.5033011272
2.8881051986 6.1073030894
4.0760861732 5.8713350231
0.6476454019 -1.9138631237
-4.8204223694 0.2388746480
7.0178123878 -3.4215048469
-3.6728407315 0.0513283686
3.4807735280 -2.1812116520
1.9914467561 8.6274476518
8.5307618257 -1.9099480048
9.3574725419 -2.1568986947
7.7608407605 -1.5865046504
-2.7733714302 0.4651995863
9.3430555420 -3.5218154733
-2.9288428148 0.4422631992
-5.2736137431 1.4709064982
0.2858206804 -2.2597829058
2.9339828996 -1.6934457289
0.5074440264 -1.0417207166
2.7253324832 5.9291065190
1.1779363663 -2.9210931167
-4.4347259700 0.1140440896
2.6155226753 6.6086842044
8.3158564590 -2.3824703459
8.2689376250 -3.6322247312
2.0252070352 -3.2872108666
-4.2007652090 2.3151297212
-2.8153807717 -1.2642715835
7.8316846195 -2.3135040644
1.5350219850 -1.7679350985
8.2941797188 -2.1626431750
3.8026627398 6.6662393985
-1.5613880194 1.6199548791
-3.6082138316 2.4470570862
-1.6911957557 1.0417224558
0.3219804207 -0.9179434637
3.4594429528 -1.4685541342
1.9026401955 -2.4215607305
8.3742330699 -3.6589322267
-4.5573395577 -0.7050447805
3.3869410643 7.2959125991
8.8972734443 -2.5005190641
0.9104468525 -3.0976758080
2.7539053817 -2.2391208126
2.4740663058 6.3926283098
7.9718107053 -2.7335233675
7.8470832744 -3.6487878644
3.7308818207 6.7877594712
9.0693476297 -2.6849553327
0.5517167064 -3.3079182664
2.8570220369 -3.4184347402
3.9322072685 6.2922993464
8.6412277127 -3.9091175514
8.3304900966 -2.5534947902
0.2476159031 -0.0337321203
-4.4887839266 1.1467654919
8.8757815671 -0.3293327674
2.4563717919 -2.1247747268
1.9742563115 6.0335747293
2.1023610912 6.5175554483
-3.8811027527 1.5774342394
-4.1928863426 2.9397203322
2.7311030672 -1.0260768635
3.0419662385 7.5016721962
3.7992778401 4.0272683237
-4.1194557733 2.9629474659
2.8494495896 6.2463811864
1.7288759301 -1.0042729366
-1.2353426342 0.9534364685
7.2403440040 -1.5103786609
-1.9122486958 0.1745204538
-4.5722263747 -0.5989076136
1.6853086425 -1.4731802589
0.7069248104 -1.2517165934
8.7537992886 -3.2557602790
-0.3038082524 0.1419414269
7.6474759671 -3.8899109445
2.8351112755 6.2244293181
-4.5636657677 -0.5477387126
7.5702536658 -2.0544100262
-0.0417420650 -2.9072677412
3.1102230585 7.5404938017
0.7736150479 -3.3417503179
-1.9893776355 0.5807973382
-3.1073852446 1.5537180928
6.4271982541 -2.5743188381
2.9723725722 -1.8141333354
-3.9119582868 0.8127312144
0.9810131611 -1.5653834638
2.2423296688 7.5637430303
-2.8280358719 2.2513546802
2.9110894127 7.3406568286
1.2847563305 -0.2174104465
8.7266680931 -1.9199269159
8.1353249436 -2.1179247765
-3.2049950137 1.0976347073
1.0551539638 -1.5068189312
2.6268708245 6.6487938729
3.4514848378 7.7608057343
1.8178404888 7.2905290062
0.5583309783 -0.5365148041
-0.7123742693 -0.6606288826
4.1128196062 4.6768875540
8.4780754799 -2.7510926954
8.2063328190 -1.0828308511
2.8397906518 7.1884532065
6.0866049676 6.1534671475
1.1223139898 6.0735512349
2.8091162128 5.3912066760
7.8822977454 -1.8897978910
8.1590217596 -4.5240504247
9.7225735953 -2.1191581582
-3.6661702409 2.0982903521
8.6677543530 -2.0555955397
-2.4362178764 -0.6190088070
3.6111004233 7.4586462605
3.7865478721 7.1543325363
-4.2947456182 1.6095416955
8.2352556599 -4.7834335047
8.1001580489 -2.8383137193
1.6394529050 5.1862659396
-3.4078621635 1.0877873263
1.7412302609 -2.0466035440
6.4876133160 -2.6288544537
-0.0111312494 -3.0479426894
2.5538716323 5.5519862554
3.3839266779 5.3154301896
2.5911250714 -0.5969687318
-3.2001386684 0.5070585852
9.2292834115 -3.6606475271
-2.0119277575 2.3508540196
1.3555867536 -1.0151203624
2.6286615280 5.1492275258
9.4150163372 -3.5461737379
-2.8256562704 1.3803988875
6.5913227970 -0.8128196632
8.4649445921 -1.6703190343
-3.1990837598 0.8553339824
1.7951817067 -1.8226112701
7.6240910701 -1.5368033649
3.9508350130 6.3828847426
8.7656799746 -1.7161726503
2.5653034013 -1.9434672862
8.1098304671 -3.9612833844
10.1034377136 -1.9539768203
1.8073414721 5.7156640865
0.1176619418 -2.4922051308
2.4363397264 6.7450637696
-5.0476127823 -0.5687834652
-4.3196872751 0.8421503121
7.3742224215 -1.9468288118
-2.2853658821 -0.5621371606
-3.1571558101 0.6296268200
2.4635916651 -2.2589061702
1.0875958911 -1.1906143351
2.8203400032 4.4514276523
0.0620518582 -0.5245264058
10.2285044130 -2.4913507740
3.1944804515 6.5686468891
-3.2463925169 2.6534979866
-3.1130167771 0.8592110767
-4.0595194721 1.1824230589
-3.5915761299 1.1695806836
6.5980258613 -2.6415699502
8.5816731596 -4.0868150857
0.8422613420 -2.3887122957
1.1165043147 -2.0504485078
2.7521181385 8.2766961528
-1.3551549755 1.1860289583
3.3749233522 4.5017272154
3.5710765368 5.9080120802
8.8966787030 -3.4389803813
-3.4180862154 -0.7573573279
-5.3935172498 0.7211901969
-3.3066599470 1.0044103263
0.0983688403 -0.9965747278
-2.9880904556 0.6622028054
-1.1045745675 1.3058570500
2.4494334863 -1.1372284774
-3.0886285961 0.1321158481
-2.2517963174 0.5982438612
9.0440907604 -3.5707909984
8.6919522525 -3.3699393716
3.1191991089 6.7245242003
-4.7708411631 1.0986077032
9.2133967072 -1.9652802102
0.9602300952 5.8485482723
9.3414062851 -2.8958082677
1.9719184134 -2.2466636125
8.3573205650 -1.8770038878
8.3962867863 -1.2844998813
-3.5783368283 1.9446412566
0.7415583237 -2.6907904835
-1.9200829283 -0.0218827191
2.3333406604 6.3722615460
2.4130893006 -1.2944693205
2.2602107178 -1.0949471241
4.0724218399 6.8962724182
8.7752499895 -1.7587245445
-5.0127670676 0.9372553879
3.1609443388 6.4360239209
1.2283849919 1.2595057622
0.0874498323 -0.6177477885
1.2328350967 -1.5117746415
0.7017752649 -1.4883710222
3.3818099983 6.1221216404
1.5601194012 -1.0646262076
8.9988959060 -2.4826392193
3.6904208432 8.0660237050
-2.2106403777 1.2954853113
-4.8256069468 1.4690536189
3.8711153647 7.4067223026
1.5370060978 -0.7450268806
-0.3607582168 -2.1985901226
-3.6573569017 0.3314724766
3.5785300679 5.8787861361
1.4921269027 6.1534803676
-2.9063310755 0.3576525344
3.3476767358 3.1709242650
-2.7360135273 -1.2288018216
1.8653988156 6.4875227238
9.7537893992 -1.8112650966
7.5393438146 -4.1494558206
6.7918868824 -2.7305789855
2.3000041111 -2.6402483257
7.3875020423 -2.0841401554
9.1858408919 -2.4628051117
-3.9738252019 -0.4054695402
1.3684018918 7.1440551345
0.5666418345 -2.9595115014
1.1644222658 -0.3945416483
1.0640789622 -1.6352035189
1.5417644013 4.4932339228
2.3147691285 -2.4094160012
2.2602482171 -1.9139096524
-3.3093620940 0.3325122987
2.2527744240 4.2133531360
9.7513673809 -0.0710467373
4.2015518393 6.0126032209
9.3005250455 -2.7668714049
-3.5552364460 0.7752451967
8.1648203507 -1.8951427858
0.0856369892 -2.1829095391
3.5932248054 6.1368404206
2.3195953402 5.9721867280
-5.2024258851 0.6335495321
8.6203021820 -2.7300570784
4.7611347470 4.4869672893
0.5815106372 -2.5090695709
3.2251717762 7.0643289982
6.7919464693 -2.4411673572
2.1635217504 4.8342141473
3.4104922213 7.4546245208
-0.7525920138 -2.1616778471
-2.0629299101 3.5334221598
7.6660273769 -1.5033055534
3.6723628570 4.2622210785
3.7382031447 5.3987484452
-4.4482211286 -0.2725599852
-3.4800243195 1.3550539315
1.6650166746 -4.4980551149
3.1933936629 5.9398313382
8.3829104569 -4.6694485548
6.4652609216 -2.0730759401
3.7248425178 7.4703576829
4.3501495613 5.2577442441
2.3702495854 5.4937614754
2.2134525718 -3.3279166708
-4.5798020495 0.2666019186
-3.1350577051 0.3154224826
-4.6579247656 0.6761616373
8.3413133625 -1.5037202392
9.9675747315 -2.8769388460
-2.0844324383 0.9255054063
0.8808127958 -1.9596595631
1.3157757282 -1.3060714393
1.6378950825 -1.8241656201
2.0473900720 -1.7027918169
9.2513379844 -2.5221144720
-4.3988853372 0.6658146806
5.8056360637 7.2427281155
8.1598072031 -2.5978343221
0.8152278707 -0.4714736991
3.9326109053 6.2248263108
2.0015236233 4.7997943530
1.0395973067 -2.1763950517
7.7086963428 -2.2867510745
3.7668853734 -2.6122803405
-0.0068021421 -1.6533731757
3.3378089569 5.1724260507
4.8413248618 7.1866664257
8.3846778214 -0.0208070445
9.4836125832 -2.6703144664
9.1002414111 -3.6120470623
-1.8335467891 -0.1836689277
-2.7877176602 -0.8855919436
2.7561583866 5.0110573466
7.3278318763 -0.8490097997
7.0948382047 -2.7556564123
2.3758848110 6.8877167601
8.5585765781 -3.0808953559
1.6124401117 -1.7698088768
0.5796825031 -2.7718885532
8.8512378668 -4.0442220739
8.7967714640 -2.9977852282
-3.6850952953 0.4151891083
8.1026070166 -3.0079463512
4.1871849228 6.9655428592
-1.5964113978 1.0683362622
2.2892406580 7.2354525421
1.6669301599 -1.4032714047
3.6278410998 6.6532757337
-0.6745214320 0.8109761151
1.1230365733 -1.9314820038
2.4446410191 5.5924441389
2.7605324484 7.1895576781
-3.4475054118 0.0319242794
-3.1463535187 -0.7517560222
-3.6209498402 1.4577453098
7.7108785038 -0.2233399854
1.6645438216 -1.6479704092
3.8861409882 6.8484583138
1.7586427392 5.7197041605
-3.9669492849 1.3646604663
1.5597916270 5.7864263665
0.2876808623 -2.9879558757
2.7113579474 -3.9312705368
-3.8260830874 1.3174226139
9.6574998599 -2.7291298585
0.2219252535 -1.3066185215
2.2587798116 -3.5414823910
2.8321914207 5.6916599452
8.5689427374 -4.3299492674
0.9422641464 -0.3853115213
-3.5461773052 1.2783350147
2.6158589278 7.1474353443
3.3323003770 6.9956523719
9.5189228268 0.3738480880
0.6578019934 -0.7854030047
-3.6164374034 2.4428611800
0.9993497145 0.0051998596
3.1525736981 6.3184537861
-3.3142216700 0.4983364234
3.5270172690 4.4601771177
6.6292056402 -3.5352312887
3.5286740512 5.4534379150
-3.3787618869 -0.5784284737
1.6222436925 6.7543102958
2.1567834906 6.8604526056
-4.7513465092 2.1930694375
1.5530605295 -3.5428081073
-3.1466798099 2.4038054493
-3.8919827973 0.0623516098
2.0172257712 -0.7276906433
9.7818515065 -2.4000242809
0.8023450842 -2.6929060220
-1.9840183486 -0.0980115851
-4.3286127592 -0.4703188018
1.0546124264 -3.3576317367
4.6890924008 6.9789258664
7.9461594219 -2.1032465311
7.4354268809 -2.1897630039
-2.8630435570 -0.2674700206
-4.4721305321 1.4550146909
2.0115108596 -2.8909005609
0.7464034983 -0.8718865122
3.2496065635 8.2657441268
8.5805185447 -2.3247541075
4.5052972894 5.6741591612
-3.7633094519 0.1050357114
-3.1171222124 -0.3889719130
1.5759428769 6.1687919159
0.0727656451 -2.6982789770
1.2043045274 -1.3678359282
2.7545141826 -2.7983621788
-3.8144335525 0.6595911264
-3.0059283933 0.3467941086
7.5467152557 -1.1501872083
5.0872829010 6.2608271629
7.9247646094 -0.9085694141
2.0393754923 6.4953065802
0.0122124238 -2.0062516078
-2.6618736929 1.2344730447
9.3251718193 -2.6837190091
8.3120963756 -1.1021559076
8.3697597342 -3.0886564724
-2.6692392879 1.5219518417
1.4822421759 -1.3882486627
-2.6785228912 0.0810870244
-0.1274587810 -3.9935188737
2.2792119536 5.5698061826
0.3471489191 -1.4280768667
8.7806374741 -0.7693827196
1.6730916087 -1.4275608965
2.8460596122 6.2457983058
4.8580710345 9.0632135493
7.8264976617 -3.4881957129
4.2385675026 7.5064842392
-4.3860596505 0.2643561717
9.5289575835 -3.1475174763
1.3204656661 -4.1226517299
0.6519250693 -4.2299731736
-3.1842027189 -0.1452834122
1.8231026507 -2.7785234826
1.8171528152 7.0518383298
9.0511044474 -3.8978423187
2.2639648855 7.9969134389
-5.7078092130 -0.3433856637
7.9285153134 -1.3042938099
8.2084005295 -3.2772549499
0.5182907098 -2.5927828883
-1.0571148488 -1.8694100970
6.8330000411 -4.5702527122
6.9701061159 -5.3304589739
3.3020498994 5.8716535190
5.0437403819 5.6806797513
-0.3460671175 0.6513377286
7.7037872803 -1.3532930928
-3.1163602851 1.6565203517
0.6131367589 -3.3214540559
8.1726247831 -2.0449817932
1.3487439578 -1.6968068335
8.7249186729 -1.7888513243
2.6535625916 4.8361272739
8.8364629420 -2.4213360845
4.0196396167 6.4679947708
2.4846741661 6.3560797289
-4.1023175466 0.6727911652
2.5807083416 6.2876061014
8.1387690802 -3.3108849712
8.2970614547 -2.8695835442
1.6085680717 -1.1277482331
7.1320912224 -2.7605202915
-3.6647562134 0.5222610004
7.6441589745 -2.5213362988
3.1568519781 7.3889144041
7.6916310631 -0.7685296757
-4.3218444712 0.4053606961
1.9687906489 -0.2394680601
-3.7196180114 1.6375268480
-2.8709996115 1.3283181269
1.1813964658 -1.3938607503
6.4819512985 -1.5800622598
9.5130022517 -2.9576890242
-5.5246895666 0.8036971866
-2.6387980188 1.2720522581
7.0236989619 -0.8319279320
0.8277534217 -2.1345089402
1.2338562040 -2.2584480208
-3.6161852774 0.6866355783
-0.8143377447 -1.3188333570
6.6633294621 -2.8362747844
0.9802117592 -1.5244452641
1.5006317977 5.0431574061
1.4883405947 -1.5126069135
2.0913626401 8.3484077392
6.6913862454 -3.6537752045
1.0778189765 -1.2342915227
2.0242219555 -1.8690431475
3.1455122516 7.1563513885
-2.4947132796 1.4648898178
-3.8529875869 -1.6835497303
-0.7922979383 -3.0699460685
1.8101632369 -1.6785987739
3.9865190004 5.9689635526
-1.9916208650 1.3954332572
-4.0867476947 0.5080002171
-3.4266582831 2.5118034441
0.0470152970 -2.6331359141
-0.2088803560 -0.3571262214
-3.6581823460 1.6443805200
2.0565753249 -3.1840844086
2.7915142743 7.6279121975
8.4351100589 -5.1323669803
2.1149408314 -2.6118387491
0.4311298157 -2.8905081133
-4.7265779285 1.9552169789
-2.7184185234 -0.2009951317
8.5014077713 -2.9408750576
6.2459384892 -3.2858270415
-2.0231447185 0.9428416516
-2.7783748362 1.1604499991
2.5469114014 6.5005242415
7.6898332354 -2.1009978689
2.4085232981 -0.8950778888
9.6053003299 -1.9010415861
9.1248737827 -2.6606469647
4.0187296104 5.9935368271
3.4278815605 5.5726898160
-3.1301231579 0.2077225646
-1.6270818146 0.8224006742
-0.1947808689 -2.5442607093
-0.4387530560 -1.1593154096
-2.5080271507 1.1164219654
2.3026107937 6.0200277878
1.0861088083 -1.8943245040
4.5798889922 7.7432274276
8.3076070546 -2.7194612437
-3.1906030607 0.8976828153
0.6337608094 -2.2103360525
0.0606355044 -2.5366510935
-4.9288791123 1.0896329210
8.8311225794 1.3798527852
7.2073161935 -3.4239907699
2.7271834141 5.6829439825
1.9812532431 5.8368619902
2.7940640218 5.7305093810
0.2194323333 -3.5741177142
1.2766954814 -2.3045954654
3.1340759607 7.4422792912
9.4081453960 -2.5521302922
8.0775851331 -1.3917966368
8.0870704381 -2.5104969596
-2.2185216291 0.3682529251
-2.1096234287 1.4250761755
3.5868641356 10.0952342014
-0.4333233690 -0.7068880636
4.2054602994 5.1778323994
8.2695541572 -3.4689596099
2.8863813338 5.0411945327
1.7574711907 5.7532677785
0.8001315932 -3.7950348727
-2.4993630540 0.8659146869
4.1707592270 5.9910506967
0.4252487152 -2.4680239963
4.1268596800 6.6087412007
2.6020779897 6.7263605600
9.4680098914 -0.5309940593
9.2074450927 -2.4215693418
-3.1231101932 -0.1760732638
7.6236034973 -2.7296184459
2.7421753691 5.8321215724
9.4447030573 -2.9820142711
-2.9980679125 0.5578981937
8.6497978339 -4.6261213781
-3.7141414056 -0.3364319452
9.1586102393 -1.8540397554
3.5665760592 6.1131638066
3.4134748191 5.8352983308
0.2290114401 -0.2731555587
-3.2311668027 1.9728615112
-3.4005380001 0.3800776279
3.6919455550 6.6824375372
1.0191144189 -1.6000308230
-3.7557466657 -0.0123403582
0.2549739542 -0.8355558875
8.8668514918 -1.8009681118
8.4910594191 -2.5024767524
2.9289693118 -2.4862348361
8.1884225261 -2.2917982778
7.9910861128 -0.9262773665
-3.9046028884 -0.2157402335
2.8601858333 -1.5145118917
-3.9331324826 -0.4486729754
7.5176792543 -1.0091074930
3.1117083209 6.4721305140
-5.2365009114 1.6722435822
-4.3721707991 1.5797484817
1.7102023402 -2.5301415580
3.3683279300 6.4333178262
0.6913031549 -1.0549881767
9.0663327742 -4.7410806712
7.3994675603 -2.6161486233
0.4615117994 -1.1993756807
1.0763646058 -2.1302091955
8.7002578528 -1.4314849200
-4.5380322767 -1.2945822745
3.0916275698 6.6486103687
0.9544259126 -1.3429553063
0.9264954088 -2.2662367201
7.8111578551 -2.3626404459
7.6209870060 -2.7816894316
6.0884035838 -1.2646939030
4.6299384772 5.1893175851
3.4613808836 4.9497859299
-3.8304348444 -0.1648424655
9.6913189582 -3.6599215141
8.6029802090 -0.5960359503
