-0.0370604219 1.0848989149
0.3040200571 -0.3644204217
0.0421972205 -0.9556872331
0.6782545893 -0.7556923492
0.2782268964 -0.9790581250
-0.1107259975 0.5327824268
1.0444885497 0.0502842477
-0.1142825462 -0.4559149492
0.1294409935 0.4614787547
0.3516548361 0.3110555972
-0.1930282169 0.8815759961
0.3429273860 -0.4030192740
-0.1268063389 -1.0284296565
0.2188734005 -0.9847026327
-0.7220702712 0.7087679417
-0.1300562209 -1.0192198861
-0.2096691476 0.4803541181
-0.4425597152 -0.3498545384
0.0216977582 0.5107711371
0.0562496213 0.9485729869
1.0691135235 0.0024980555
0.9820340595 0.2368229696
0.1535772456 -0.4557173311
-0.9711768747 0.3797499299
0.8344496700 0.6373724732
0.4436611045 -0.2155647395
0.3205462618 0.9797267410
-0.4652005340 -0.1556682387
-0.3721598724 -0.3492781700
0.3922171801 -0.3721596193
-0.0872449542 -0.9175453658
0.9996072900 -0.3355896559
0.7177318485 -0.8121614819
0.8415434150 0.6807316606
0.1931156631 0.9027123654
0.8586089754 -0.4493160809
0.1357328711 -0.5061298555
-0.3918122162 -0.4171665544
0.0616875244 0.4235139368
0.5337957056 0.8284889362
-0.1424416686 0.4682743213
0.3371597369 0.4781928635
-0.2416637985 -0.9475018883
-0.3580831316 0.3706179637
0.2707427182 -0.2176775300
-0.5558403775 0.6959158276
-0.2907341022 0.3953319784
-0.3504116334 -0.3299320529
0.0053802443 -0.5293961348
0.2726785795 -0.4393124512
0.4910886299 0.1520152405
-0.5012800513 0.2865826161
0.3852936444 0.3236433083
0.2551140522 0.9627044330
0.8240102179 0.4529622738
0.4064111664 -0.2580948430
-0.5249052224 -0.0848997676
-0.3878628734 0.2867234930
-0.2039589146 0.9658596575
0.1040742952 -1.0528284165
-0.1732285748 -0.4563245576
-0.9132342091 -0.3672811949
-0.4541237519 -0.8774166481
-0.8930106717 -0.3769702521
-0.9293362933 -0.1281606234
-0.4817869029 -0.1211996129
0.1548465946 -0.9686992169
-0.9289876204 0.4483116878
0.2999851818 0.4296272351
-0.5554980333 0.8976174066
0.3620118561 -0.9010695084
-0.1538048807 -0.3991224160
-0.4677613542 -0.2429851726
-0.5644625920 0.1827420360
0.4336363952 0.1551686056
-0.1958847848 0.9440865455
-0.4610484715 -0.0259775815
0.4834141966 0.8427036148
0.6440091848 -0.8330723194
-0.5117973206 0.0779308114
-0.5559691505 0.0791940617
1.0016078111 0.1763233490
0.4951545394 -0.0625799937
-0.8785760199 0.3490319897
-0.4969957515 -0.1400545595
0.9130395626 -0.4485064132
0.0359169279 -0.8977424096
0.2757951407 0.4672347251
0.0464927207 -1.0193725371
-0.6334700153 -0.8113047119
-0.4294832522 -0.2387059521
-0.9230439553 0.5642163344
0.2887098534 -0.3652872825
0.9553719732 -0.0564170832
0.4610343352 0.2129891554
-0.4432066573 0.0299261334
0.4001723147 -0.1791908014
-0.2029222214 -0.3974896759
0.1414877408 -0.4137996453
-0.0164483310 0.4677186920
-1.0384210937 -0.0202770290
0.9345747091 0.5269832029
-0.3172335090 -0.2149545994
-0.2467445433 -0.4497569151
0.8067506092 -0.4603679868
-0.4125941686 -0.2012037434
-0.3856354280 0.3282542482
-0.4756695155 -0.9708841152
-0.6509193389 -0.6828468386
-0.6548199703 -0.8064013008
-0.7520387413 0.6087445320
0.2713209077 -0.4290633773
-0.9404643682 -0.3687268492
0.4842935924 -0.0294676885
0.5766442920 -0.1883060886
-0.0331512150 0.4187632144
0.7719039620 0.5407072099
0.4417989048 0.0801201718
0.1084422534 0.3765620768
-0.7543629021 0.6683376542
0.0746181515 -0.5196722781
0.3214580172 -0.3505734686
-0.9755815208 0.3375710590
-0.7963678504 -0.4859816161
-0.3833105005 0.8002469753
-0.2301941172 1.0411951465
0.2358405936 -0.4353191588
0.9173648695 0.3398979983
-0.1801337092 -1.0402247051
0.3637676416 0.4508655188
0.4584527379 -0.1064743812
-1.0112722288 0.3342070531
-0.3947000047 -0.8864680422
-0.9220281277 0.1232266373
0.5444179044 0.1434116686
-0.4394504590 -0.1137447760
0.0158028145 -0.5930666314
0.3288708059 -0.2827942566
-0.5761877926 0.8298753246
0.4174480755 -0.2430579014
0.9685513053 -0.2686956194
-0.6362143979 0.8103287069
0.1291191762 -0.4475550119
0.4468775078 1.0051322050
-0.4649391802 -0.0877982213
-0.3576208261 0.7865216575
0.9391258427 0.0640000530
-0.4769316210 0.9883269926
-1.0212862894 0.1895929480
-0.2936096651 0.9573812494
0.4682735504 0.3383090331
-0.9352753482 0.4296460725
0.5002706445 0.8911554653
-0.2963302769 -0.9591538795
-0.9029494399 -0.5023201678
0.1428208486 -0.8917904391
0.5400635870 0.0532043657
-0.1435822947 -0.4951248287
0.7293645555 0.7646619704
-0.4787628749 0.2514568420
0.4783580582 -0.8773459441
0.2746340849 0.2665551533
0.4244990272 0.0823823167
0.2332607291 0.4682300671
-0.2162309053 0.9056811787
0.4354018286 -0.0296572998
0.4111860504 -0.2648705032
-0.4677322218 0.2877332173
0.9926578684 0.3342821363
0.5086933044 -0.9680925508
0.1121205503 -0.5204395423
-0.9516018563 -0.3300424752
-0.2038476188 -0.5164302074
1.0539985550 0.0636162207
0.9167397809 0.5660751163
-0.4627587694 -0.0018945202
-0.3444766627 -0.9565453569
0.1420518387 -0.4317245565
-0.4286505749 -0.0959132969
-0.5103301785 0.0057101534
-0.7480767081 -0.7715237857
0.9676127132 -0.0348451197
-0.3805100094 0.2466018375
0.6533014519 0.8223788210
-0.0678505397 0.9596046745
-0.5318104526 -0.9044174669
-0.9867356088 -0.1756961755
0.2311564498 0.4553970301
0.1602950673 1.0118145253
-0.3133121208 -0.9841995916
0.5216020558 -0.3031833794
-0.2196971060 0.3895034972
-0.8653872285 0.5824867583
0.5720858165 0.8507180282
-0.9558232319 -0.2762803057
0.8034331113 -0.6187086864
-0.0546503201 0.4321952437
0.0786943090 0.5229015418
-0.2896245269 0.9269265296
0.2798965040 -0.9687120501
0.3976189007 -0.0966025536
0.4295372339 -0.3676701415
0.4689991399 0.0543842024
-0.7935987093 0.5331055652
1.0273422621 -0.0800005417
0.5454036591 0.0294461951
0.9861930671 0.3167933544
-0.5762384491 0.0820936136
0.4337437705 0.3137996902
0.1416362301 -0.4759868238
0.8532524992 -0.6590125224
0.1459011201 0.4513259837
0.2281869912 -0.4223876724
-0.2023020604 -0.9814684269
-0.2394299331 0.9910990022
-0.8326713720 -0.6162850614
-0.3990219554 0.3202161676
0.4231437906 -0.9402230721
0.3767212141 -0.4727002494
0.9576845203 -0.3711300798
-0.4540989101 -0.0564754009
0.2860923884 -0.3330068872
-0.2762967243 0.3615518792
-0.8514834731 0.4626887253
-0.0369812150 -0.9768501719
0.1465104933 -0.9282942499
-0.0837830079 -0.4825214201
-0.9110775341 0.3723095569
0.8535649256 0.5457278504
-0.4460087491 -0.1116647351
-0.2989136098 0.4067040883
-0.1469997219 0.4792872780
0.9824748294 0.2189578269
0.1985216871 0.5154875713
-0.4298284950 0.8949768230
1.0012374615 -0.0033905865
-0.0442333570 0.4557668338
-0.9104966343 0.5279056057
-0.3080362461 -0.3770659433
0.5324488215 0.1821320039
-0.8870839580 0.5188252036
-0.6836811954 -0.5838513821
-0.5192525262 -0.9667548464
0.4463355281 0.1892237989
-0.0433332705 1.0811607085
-0.4766869237 -0.0142001690
0.9813172536 -0.2470323856
0.4183894742 -0.0645840172
-1.0475743953 -0.0767164367
-0.9571710103 0.2452873893
-0.2331380677 0.9080154281
-1.0756232873 -0.0431726461
-0.4715123390 0.1517367061
-0.5136596197 0.1646933879
-1.0740074302 -0.0431817085
-0.6776615729 0.6634823629
1.0239449787 0.0946592313
0.7935517346 0.4453071189
-0.2999537460 -0.4425497731
0.9408371449 -0.2792710832
0.5108295294 -0.1812485005
-0.5136685124 0.0479310189
0.2408499992 -0.4273271795
-0.7898745076 -0.5558229885
-0.8555152935 0.5259605194
0.5501331252 -0.7861486030
0.9339182755 -0.4833237120
0.2598578749 0.4414982906
-0.2552726422 0.5215194055
-0.0902281321 -0.5877304865
-0.4594741542 -0.2480365281
-0.1136759728 -0.4702614317
-0.9232738164 -0.5372828260
0.8597060412 -0.5230367899
0.2814628883 0.3668230925
0.2347755605 0.9733059395
-0.4404343159 0.1333983672
0.4299136909 -0.1691047146
0.1985714614 0.4942285088
-0.1012084475 0.4639334559
-0.6555933151 0.7640005108
-0.5604176127 0.8370186300
-0.0699473916 -0.4470352121
0.1713515864 0.9380064988
0.0533010983 0.9434121985
-0.3804031746 0.3537711250
0.4959515914 -0.2245090922
-0.3425553803 0.2902168973
0.4345357626 0.3172800686
-0.0231425556 -0.4944932165
0.2997323440 0.9575253787
-0.7259785225 -0.7555281251
0.6036444469 0.8577133061
0.4417264900 0.2579053939
0.3477682738 0.3091320585
-0.6330215936 0.8765275298
-0.0147024511 0.4584317408
-0.4803945980 0.0688592714
0.1939670189 -0.5219800063
-0.4137688584 -0.2223941249
0.0720985366 1.0060698992
0.4040031228 0.3324271788
0.0921640323 -0.5081337466
0.8556911759 -0.5372931954
0.9301555385 0.3964754710
0.2622487783 0.4105292374
0.0744406622 -0.9428998885
0.4713595648 -0.1918223312
-0.2010162382 0.4780841487
-0.5246358132 -0.0073810106
1.0578105453 -0.2475962544
0.0082979370 -0.4823933321
0.4020094208 -0.3121136503
-0.2313505514 -1.1090290449
-0.9954737275 0.0664390495
-0.2339720455 -0.4368346624
-0.6885832303 -0.8222947416
-0.3474868115 0.3280283571
0.4390899514 0.0522060332
-0.9499110853 0.2560627383
-0.6164359146 0.5843812411
0.4966372740 -0.0004299877
0.5558725598 0.0351196086
-0.5107344318 -0.7666954542
0.3274535020 0.9621156293
0.5056279711 -0.8465102457
-0.1863093310 0.4307193437
-0.5583515973 0.0345180191
0.7292270614 0.7362597704
-0.9896402285 0.0194205464
0.8128736245 -0.7362538054
-0.4824266409 -0.0255575708
-0.1146427637 -0.4531875003
-0.0304784155 -0.4184873649
-0.4116712795 -0.8812639727
-0.2261051242 0.9398792386
0.1959003874 -1.0189853932
1.0120016403 -0.1593435559
0.4201203074 0.8685955457
0.4039715600 -0.3442083665
-0.3281228709 0.3249775375
0.1758672910 1.0511383756
0.7824118698 -0.5197986741
0.0130143407 -0.4753825505
0.4753150681 -0.8316566360
-0.5093693964 -0.8286377346
-0.0204154124 -1.0535555366
0.4331702958 -0.8532258963
0.7588461644 -0.6329592744
0.0446196246 0.9866456508
-0.8825795778 -0.4714165495
-0.4632308503 -0.2433306606
-0.8441795488 -0.6785932428
0.0541732730 0.5664186706
0.2722329470 -0.4247990363
0.2504362826 0.9496767852
0.4540695588 0.1188729379
-0.3684224036 -0.3351283350
0.3512867090 0.3131801261
0.3115248558 -0.3524767520
-0.4368933861 0.0833992415
0.2060426540 0.4327452162
-0.1589610281 0.5616367920
0.4991818761 0.1161709287
-0.3447081385 0.4587347781
0.2630373155 0.3649910955
0.0160470038 1.0081649241
1.1059746058 0.1009661246
-0.5417138986 0.2477284005
0.8163123464 0.5095231763
0.4763891418 0.7918468239
0.7192047682 0.7197263146
0.8398716820 -0.5814631194
0.1312191263 0.4556294059
-0.1685874258 1.0157882391
0.6630202614 0.7744310079
0.9116812171 0.5598694897
-0.3845654248 -0.2453945492
0.4349150976 0.2232378841
-0.3068723296 0.3518088743
0.0000745564 -0.5521075539
0.5222558058 0.1744923684
0.5777463647 -0.7981485810
0.3719114135 -0.1315093639
0.0102034839 0.5333469200
-0.3217311426 0.4356874245
0.7842384064 0.7604872535
0.4633842446 -0.8124728905
0.5051104492 -0.0030526565
0.9847725753 0.4978423388
0.9001401640 0.2165039615
-0.9588466959 0.3489999029
-0.9142934430 -0.1737478708
-0.1915576572 0.3314356961
0.8508187197 -0.5988045563
-0.8402071696 0.5933135649
-0.0363864723 0.5534526235
0.5485578268 0.9063422280
0.7942526691 -0.7507689746
-0.9383075647 -0.1508107909
-0.1824457443 -0.3863596525
-0.2148886587 0.4367116376
-0.2259149348 0.4661845792
-0.6144591647 0.8367847945
-0.0444443143 0.4643557382
-0.2997830583 -0.9766917419
0.3703622524 0.2805261562
-0.0065051496 -0.4242697277
0.2708760456 -0.9745533556
0.8685551221 -0.5893963813
0.3208094043 -0.2876197363
-0.6814709568 -0.6651556031
-0.5189852702 -0.1131147053
0.3153170893 0.3722618654
0.8245551843 0.3915534290
-0.9718891219 -0.1097367776
-0.2962715695 -0.3328958362
-0.6990175894 0.6477582637
-0.2477620761 -0.4184197567
-0.3150472844 -0.4180468711
0.1829944042 -0.4110515940
0.5221098376 0.2307491188
0.6097549882 -0.8353501874
-0.4973188582 0.9015144856
-0.9336009180 -0.3817873754
0.6430860609 0.7794941228
0.3024844499 -0.4417792474
0.9794902403 -0.3285097719
0.5325663691 -0.0942725887
-0.3648486597 -0.9220716822
0.8760725556 -0.5860257776
-0.0392831245 0.5032952644
-0.1774669387 0.5448444538
0.4681350192 -0.7742158694
-0.1116736886 -0.5080943532
0.3836687857 0.2662276355
0.0920384411 0.4864109300
-0.4525130646 -0.3146707540
0.5092436627 -0.1304058300
0.1824183422 -0.4576086175
-0.3384133352 -0.4245145385
-1.0676081578 0.0352594962
0.6442209649 0.8121095387
0.0664004086 1.0169392144
-0.4556053349 0.9338047686
-0.3609420552 0.0894566935
0.4244597468 0.3378540880
0.1532366601 -0.4581045643
-0.3009400742 -0.3980875355
0.4786242504 -0.1569897569
0.8166262826 -0.5779299281
-0.4496918794 0.2245103770
-0.7943770689 -0.5731772302
1.0195782758 -0.1550508499
-0.3218772881 0.3865131776
-0.1015246548 -0.3949815313
0.5009443946 -0.1309749641
-0.8765373676 0.5626205257
0.4025827480 -0.0006834527
-0.4877940572 -0.8753558345
0.0191103006 0.5138679983
-0.1637993674 0.4221626857
-0.3029764785 -0.2738686466
0.2076668605 0.4466104444
0.0603657686 -0.6059842714
-0.9087131922 -0.4807278617
-0.9717225836 -0.1903345955
0.1240528718 0.4442784134
0.3608013330 -0.3660194119
-0.1721985155 -0.4650128780
-0.3782235489 0.2300938169
0.3235144695 0.9592341549
-0.4523627388 0.7649940577
-0.3929374400 -0.1890461860
1.0113207246 0.2631215899
0.6133612143 -0.6600154768
0.4649566532 -1.0154771071
0.3765784481 1.0289496961
0.0375378451 -0.5529034887
-0.3047673562 -0.9395544961
0.0401912831 0.4969255823
-0.8524879485 -0.3894545446
-0.4305108043 0.1764625185
-0.8667607311 -0.5619146784
-0.9829672936 0.0348026308
-0.2514118031 -0.4706206647
0.8317808448 0.5414294589
-0.2808366341 0.3018727009
0.9794550057 0.1408703762
0.9832139195 0.2201492820
0.2552485248 -0.9753725588
-0.5074307249 -0.0061933143
-0.3602220151 -0.3705347440
-0.9892713070 -0.2949985843
-0.3667227351 -0.2527443155
-0.0301469191 -1.0281536377
-0.6980704661 -0.5951419131
-0.9977960465 0.1836694518
-0.1740826525 0.4616994788
-0.5945339469 -0.8484662014
