0.6209916186 0.7798140973
0.0463290342 0.1496452856
1.4423844713 -0.4451932679
-0.6963236647 0.8180130438
0.0425441135 0.4790565915
0.7114037721 0.6533252470
0.4102774961 -0.3990432576
1.7654281067 -0.0815245342
1.9739486787 0.3891213615
-0.9125810779 0.1425864660
-0.3912613892 0.9350264405
0.2216217096 0.9308451308
0.0154214186 0.0644374792
0.7905205709 0.6796566606
-0.0069572675 0.4386210145
-0.7860320756 0.5893349528
0.3131679333 0.9356602957
1.0290301713 -0.5203278855
1.1863867705 -0.3776440544
0.8850987270 0.4704049559
0.1115561415 0.9645840372
0.9174705488 -0.4225922248
1.2160965675 -0.4772387842
0.2852608847 0.9009450711
0.2887940414 -0.0523130262
1.1540612500 -0.4735836746
1.9733643724 0.4921526097
2.0377718575 0.4694937795
1.6892092191 -0.1616730102
-0.5376681023 0.7676883035
0.1545678289 -0.1322688239
0.1788581010 -0.1378405654
0.0869653474 0.0821844931
-0.6470036817 0.8128145685
-0.8647122977 0.5542177846
1.4180649519 -0.4555006247
0.4146812270 0.7739958822
0.6478991948 -0.4633826839
-0.0045321053 0.2050282266
0.7892661000 0.5183887175
0.7717151943 -0.3767946694
0.9600488138 0.1053770064
-0.3679037391 0.9834906868
-0.1238531420 0.9732313078
0.3530992194 -0.2473145595
1.9384181725 0.3837814638
1.0279606961 0.2032831835
0.8065459339 0.5810605096
1.8125544589 -0.0409968911
1.7755037461 -0.1064614252
0.3032718149 0.9806464379
1.9217214278 0.1874453788
0.5307218121 0.8012478159
-0.4117407808 0.9152936365
0.9437935743 0.3133702702
0.8877288493 0.4912799847
1.6044958012 -0.3153207217
0.9516185520 0.0914971847
1.1155964125 -0.4129255092
1.0156414872 0.1081877054
2.1615847327 0.4587982240
0.4813482573 -0.3100029162
1.7138545166 -0.1052428781
1.3777224230 -0.3696201357
-0.9874350898 0.2507616186
1.7090915286 -0.2865504012
-0.8672598955 0.5544946594
-1.0267397600 0.0987662804
0.4616861811 0.8501711448
0.6531980535 0.6550864816
1.9870045727 0.1402018766
0.8915127461 0.4301236776
0.0118923520 0.2212888386
-0.7297193868 0.7154207533
-0.9177256489 0.2788837194
-0.0783171545 0.3981354301
-0.6856287053 0.6807806806
-0.4501965696 0.8536050737
0.0532849099 0.3956791875
0.7448440756 -0.5138992413
0.6923462528 -0.5030902137
0.0314398795 0.1411769994
-0.4380478269 0.8911483185
0.6484131913 0.7090279182
1.7260004983 -0.2587581566
1.1978691499 -0.4790450265
0.5768405069 -0.4428211474
0.9199319968 0.4486215146
-0.1709046862 0.9870025139
-0.4457219095 0.9092153804
2.0638616622 0.4672195051
-0.2662706948 1.0183463497
1.7226920087 -0.1988523740
0.4209393887 -0.3675301036
0.9664129955 0.2995951653
-0.9373113703 0.1852108996
0.4059011121 0.8668504774
1.0625804586 -0.5082686004
0.4793502114 0.8540066059
0.9686129022 0.0716328416
-0.2163782329 0.9549372166
0.4037114246 -0.2961991074
-0.9185336427 0.4733331392
1.5244974124 -0.3597850275
-0.1519698814 0.9257537033
0.0817808228 0.1205346100
-0.5770902112 0.8765762841
-0.8607765104 0.3421234715
1.9936251080 0.2784112462
-0.3384979495 0.8706252033
2.0519911332 0.2026694910
-0.9930095519 0.2574569110
-0.7829375546 0.6856891579
-0.4325668630 0.8825611442
0.8655604619 0.5198356194
0.4970713353 -0.2338212016
1.6810792040 -0.1378152387
0.6299599986 0.7247211769
-0.2504494490 0.9667018940
-1.0218765536 0.1813151266
-0.7823615459 0.5854712822
-0.7871466079 0.5440991365
0.9980691720 -0.5834778587
0.5525451017 0.8081897229
1.0979838860 -0.5182656330
1.0972411475 -0.4455843179
0.7843346030 0.5571239870
-0.9345955494 0.0247006809
0.6703456359 -0.4511854582
0.1864445193 -0.1726353222
0.9772757996 0.0459969219
-0.2397335468 0.9700945929
0.9707673548 -0.5561679077
0.3704016699 0.8791853988
1.9219448268 0.3410782486
1.6258527272 -0.2212397752
0.3368116801 -0.3385656375
0.5612463272 0.8110335948
1.5254273096 -0.4346598703
-0.7161048623 0.8108685622
0.3671919992 0.8231830179
2.0527305764 0.3798120326
0.9576361393 0.1119700075
-0.0781076005 0.3248453621
-0.1300029923 0.9744182077
1.9148445166 0.0487540173
-0.0063947381 0.1148112126
0.5847810279 0.8991537071
1.9563936315 0.1523285263
0.4124871073 0.9003992087
1.9849254478 0.0573806302
1.6547021916 -0.3144412387
0.0882913634 0.9490694911
1.8688792925 0.1014247205
1.8910323791 0.0238066337
-0.3057699854 0.9248829448
-0.7411964260 0.6173931665
0.9313661770 -0.5736978322
-0.4959854532 0.8241727396
0.7490954543 0.6799991232
0.8468567640 0.3806319534
0.7394935647 0.6585410425
0.0748240723 0.1406101511
0.8481151122 0.5347994914
0.3928989958 1.0590208630
1.7991087181 -0.0461685775
1.7798009628 -0.0306535039
0.5814867088 -0.4052668854
1.9294269252 0.2806019368
1.0501114258 -0.4404088723
1.2166022250 -0.4406544791
0.6975972082 -0.3829225212
-0.6010820291 0.7813387375
1.9815508348 0.1227016419
0.6986983417 0.5484761965
1.2863253574 -0.4056697069
-0.6995564994 0.7972633730
0.5751970588 -0.4028575052
0.1945947592 -0.2536111249
-0.1938083115 0.9369070604
0.9254205215 -0.4804815677
0.2298716576 -0.2321193957
0.9591922219 -0.3947469183
0.1869776959 0.0233537872
2.0903728469 0.4012573204
0.8969555885 0.4412113852
0.7377691085 0.4785682505
0.0170529755 0.9854366882
-1.0031447840 0.1797989385
0.1084555725 0.9623054140
1.0634967161 -0.0355583847
-0.8148800247 0.3710700130
-1.0170191591 0.1507269417
0.7436584555 0.7305507158
1.7633758393 -0.0696296127
0.0077612901 0.2956867445
0.3918528120 0.9041742076
0.7253289692 0.6311107818
-0.9119057787 0.5452720437
0.9499693968 0.1038491848
-0.3108915136 0.9792215445
-0.0283035191 0.2905229648
-0.2718670055 0.9101068697
-0.9986336179 0.3230416329
1.9185564433 0.4460708238
0.8761426669 -0.4620042747
1.9107118507 0.3892799512
0.2131186796 -0.1847304851
-0.9752070090 -0.0004747680
0.5244588040 -0.3217406021
0.3356822154 -0.1757047402
-0.9513779013 0.2524939722
1.9481463037 0.0633327964
0.7066196232 -0.4536990248
1.2406962021 -0.5216951381
0.0450369262 0.0866406166
-0.5463249867 0.7029231251
0.0951865962 0.0751361735
0.7760809917 -0.4365173504
1.6110850843 -0.2645011862
0.6306813013 -0.3994853171
1.7476334330 -0.1195883439
-0.9000321396 0.2405314583
1.3601873850 -0.4419513316
0.0293472857 0.9918734487
1.3746637531 -0.4837436424
0.8762149796 -0.4558708903
0.8652356211 0.3652147912
-0.8493217355 0.3591613324
0.9937472875 0.2917626682
0.6438929988 0.8244957308
1.8272626542 0.0001413185
-0.1089707279 0.9615130705
-0.7595318155 0.5468927392
-0.4933028007 0.9696916976
0.0001102434 0.3843869476
0.6536862358 0.8138361737
1.8628921924 -0.2531475806
0.8085033451 -0.5035544263
-0.0396187243 0.2411088883
0.3019558960 0.8738308411
1.9993609208 0.1517155466
0.2612806513 0.8499813220
0.3186159565 -0.3929894715
0.9339679140 0.3200309265
0.4976672757 0.8825286787
-0.7397942358 0.6700161178
2.0161450356 0.4945641376
0.9977427558 -0.5088406526
-0.5923350852 0.8549853987
0.1994460578 -0.1951034966
-0.9717485728 0.4075381173
1.9514405144 -0.0436212165
0.8602137065 0.3200019554
-0.9205255914 -0.0119446882
1.8322076063 -0.0720138795
0.0186266190 1.0490484711
2.0029332122 0.3906029714
1.4197045513 -0.4208718799
0.4199558403 -0.3053626041
-0.9745330793 0.1083238218
0.0527047859 0.3482211703
0.9425826871 -0.0459538278
0.5344690390 0.8655954855
0.4068759732 -0.2399292407
-0.7821174004 0.6958934377
1.1210514607 -0.3994365824
1.6502470470 -0.2135143051
-0.6435125936 0.7315128132
1.6512596497 -0.2885533161
0.1971159836 0.0244836461
1.6038543602 -0.2720288407
0.8985813747 0.1805204352
0.7330864055 -0.5949162069
-0.8865793648 0.3844866760
1.9870858110 0.0807190402
-0.0408366393 0.2891421095
-0.2630168546 0.8971340658
1.3439112584 -0.3786995899
1.0172976461 -0.5142263733
1.2434803524 -0.5608373840
1.9109624366 0.0547298355
-0.9644118004 0.4963305645
1.4032981643 -0.4394079116
0.0345556380 0.3137471511
0.7684541675 -0.4784967366
0.0018839500 0.9347640646
0.1000832110 0.1245686835
0.3099962354 0.9492232793
0.8600213907 -0.4960761840
0.6128674787 0.7249163348
0.5051071304 -0.3084993693
0.0285068751 0.3965542709
0.9718080203 0.2452807750
1.8807047213 -0.1092557148
0.6258904864 0.8003322447
1.6852621591 -0.2922556394
0.0208283985 0.4584189706
-0.8070066952 0.5061981577
1.8489894812 -0.0523839197
0.6171275203 -0.4440643543
0.3580503181 -0.1903898064
0.3540215650 -0.2691725609
0.2414448702 -0.0882862429
0.1613500202 1.0478883872
0.0274152205 1.0529833274
-0.7867143241 0.5561996691
0.9491689775 0.7048937038
1.8035291708 -0.1614274160
0.9387868236 0.3284337267
0.0978429340 0.3850136398
0.8924309644 0.3284015809
1.0082329266 0.4198144282
1.8924195195 -0.0391145247
-0.3691368430 0.9344179492
0.6366955369 0.7105137267
1.8638853157 0.3366864529
1.7848606697 -0.2512213594
1.6962589915 -0.1026674980
0.1347779902 -0.0115821547
1.5010619877 -0.4218536596
-0.0355933250 1.0168192342
1.0765744739 -0.5129996891
0.8159387988 -0.5075125509
-0.9932379285 0.0064142606
0.5406391431 -0.4049931290
-0.0623091931 0.5051888492
1.8258445707 -0.0811393837
0.9872341517 0.0850181530
0.2625542786 0.9383186244
0.9782065016 -0.4889093229
0.5774391224 0.8377314294
2.0261889275 0.3414691753
1.3595696758 -0.4045347250
0.5235075256 0.7139695053
-0.0925008676 0.8831695544
1.5082310046 -0.3303339417
1.8727415890 0.1051091533
1.6490733396 -0.1979817102
1.1868951123 -0.4792411079
0.9178217792 0.3589477471
1.8359197131 0.2650950565
1.5179016801 -0.3864061362
0.0900087705 -0.1559858238
1.4606274882 -0.3099608172
0.5206419596 -0.3395643569
-0.4753981299 0.8826096729
0.0841871848 0.0328729802
-0.2237392951 0.9868290678
0.4833677689 0.8856805762
1.3697627561 -0.3410541369
0.5809659816 0.7505594288
0.4275355311 -0.3276481163
1.0212399418 0.2848331574
0.3521400809 0.9720694215
-0.8765518772 0.4605950027
1.3483217016 -0.4339725828
0.9400047418 0.5908852876
-0.6286743527 0.7858638455
0.4483872878 -0.3348450424
-0.1824176822 1.0256528102
0.7722263848 0.7362295696
1.0634483539 -0.5121471336
0.1510395683 0.1349661426
-0.3260307037 1.0059234726
-0.8738008417 0.5207995049
0.8064925216 0.6490162230
-1.0714235773 0.1181480692
-0.0436713104 0.9743851148
0.4901822858 0.9621714959
0.6374684251 -0.3799231010
-0.8444511832 0.4453632249
-0.5130298346 0.7801024699
-1.0833148883 0.1089617765
1.0838306885 -0.5190445453
0.0975883426 0.0295945622
-0.3220644083 0.9871721205
0.5637517373 -0.3925464735
1.1767302355 -0.4739849542
1.0212459680 -0.0262617637
1.4497738089 -0.3659815902
0.3510162236 -0.1971973526
1.0103709573 -0.5326974803
0.0355696015 1.0477095020
-0.4923083406 0.8467213405
0.9982632018 -0.5714641113
-0.9662064528 0.3342438930
0.6881708579 -0.4867304630
0.5058794359 -0.2932525541
2.0437712571 0.2574632537
-0.5272864965 0.8354889846
-0.6059532628 0.7510411840
0.3691643336 -0.2073399041
0.9616806145 0.0522069507
1.5240235777 -0.3494722918
0.4210493338 0.8006532177
-0.7113670758 0.5463218086
0.0565812618 0.1228409320
0.2133806108 0.0186851781
-0.6147809079 0.7950443004
0.7740298424 -0.5024455956
0.7519116906 0.6292479204
0.0747312903 0.3918890966
0.0096810527 0.3973170856
0.5869374917 0.7913155929
0.3586344230 -0.1621176981
0.1256196716 0.9883008791
-1.0400690221 0.0409020654
-0.6373611082 0.7587317943
1.1517735634 -0.4766748678
1.9200940595 0.2193887427
-1.0567393312 0.2495567373
-0.0217566929 0.4224670402
0.2431808358 1.0500893008
0.9025843453 0.4747681610
0.8787255514 -0.4815401111
1.3621107924 -0.5274496199
1.8298518308 0.0880435504
0.7633270018 -0.4850304491
-0.7459106963 0.5751462084
1.4761221346 -0.4373905759
-1.1530988552 -0.0183013733
0.5596260025 -0.4198638698
-0.0812695356 0.2288463124
0.2334571908 -0.0314147778
1.7467876116 -0.1196024898
-0.0040884506 0.4851632523
0.3694055125 0.9475020666
0.0674792697 1.0050187121
0.7826443682 0.5486463823
0.1412456171 1.0096709225
0.0092126884 0.1693159947
0.9733922801 0.1056007712
-0.0475456341 0.9639554323
-0.9399160623 0.1125162631
0.7438435019 0.6015041997
1.9834199638 -0.1476718188
1.0689371914 0.2326569889
-0.9057824627 -0.0341301049
-0.0909715272 0.9116257377
0.3644530592 -0.3100440210
-0.9565753446 0.2021444175
-0.8024272168 0.5242898800
-0.1796196043 1.0077963693
-0.4076582762 0.9660021099
-0.9290572982 0.2067141298
0.6815451086 -0.3648536830
0.3360914371 0.9939568107
2.0094596612 0.2414587097
-1.0595313058 0.0656463059
1.9602159410 0.1065795365
0.9081305276 0.0206978317
-0.6784465826 0.6673828941
0.2245980271 1.0272184646
-0.9116501934 0.4085939452
1.8031145774 -0.1149174371
0.2099180725 -0.0599792826
1.9922166441 0.3163471178
-0.0205451668 0.9892311900
-0.5662782275 0.9036821453
-1.0231032843 0.1857261496
0.8508758739 0.4111400359
1.3828665874 -0.4725429093
0.0069055001 0.2368948421
0.9131098131 0.2925785927
0.3306476930 0.9671280361
1.2799104377 -0.3814239868
0.9933736888 0.0939354523
-0.6205537313 0.7332363620
0.2143793131 -0.0978853265
-0.4247023744 0.8505172517
-0.7821198083 0.4212782076
0.0483779563 0.1699275166
0.1292733464 0.2466453460
0.8520068322 0.4956926293
0.1831268597 -0.0919195274
0.1619652140 1.0340342890
-0.8782472928 0.4809956867
0.3237846108 -0.2375920980
0.7151493872 0.7012938968
0.8369320279 0.4569626900
0.1321857034 0.1554716470
1.5417429897 -0.2983104594
0.9838719432 0.3439051764
-0.4036670319 0.9913561745
0.2589264405 0.9551012116
-0.9926543320 0.2735117748
1.9818427709 0.2853770456
0.3570909562 -0.2531212651
1.6600973668 -0.1859515058
1.0086111102 0.2706227168
1.9249979171 0.4699281435
0.9222198652 -0.3621504909
-0.5393159857 0.9072818616
0.2130997350 0.9857590557
-0.8638150956 0.4519876070
1.2895306534 -0.4354155364
-0.6618353927 0.6702638002
0.0038106440 0.9705355881
0.7005089334 -0.4027956192
